-19.817,-97.695,0.000,5947.746,0
-19.914694008709,-97.692026127,5.947746,5947.746,0.001
-20.012382069672,-97.683104508,11.895492,5947.746,0.002
-20.110058235143,-97.668235143,17.843238,5947.746,0.003
-20.207716557376,-97.647418032,23.790984,5947.746,0.004
-20.305351088625,-97.620653175,29.738730,5947.746,0.005
-20.402955881144,-97.587940572,35.686476,5947.746,0.006
-20.500524987187,-97.549280223,41.634222,5947.746,0.007
-20.598052459008,-97.504672128,47.581968,5947.746,0.008
-20.695532348861,-97.454116287,53.529714,5947.746,0.009
-20.792958709000,-97.397612700,59.477460,5947.746,0.010
-20.890325591679,-97.335161367,65.425206,5947.746,0.011
-20.987627049152,-97.266762288,71.372952,5947.746,0.012
-21.084857133673,-97.192415463,77.320698,5947.746,0.013
-21.182009897496,-97.112120892,83.268444,5947.746,0.014
-21.279079392875,-97.025878575,89.216190,5947.746,0.015
-21.376059672064,-96.933688512,95.163936,5947.746,0.016
-21.472944787317,-96.835550703,101.111682,5947.746,0.017
-21.569728790888,-96.731465148,107.059428,5947.746,0.018
-21.666405735031,-96.621431847,113.007174,5947.746,0.019
-21.762969672000,-96.505450800,118.954920,5947.746,0.020
-21.859414654049,-96.383522007,124.902666,5947.746,0.021
-21.955734733432,-96.255645468,130.850412,5947.746,0.022
-22.051923962403,-96.121821183,136.798158,5947.746,0.023
-22.147976393216,-95.982049152,142.745904,5947.746,0.024
-22.243886078125,-95.836329375,148.693650,5947.746,0.025
-22.339647069384,-95.684661852,154.641396,5947.746,0.026
-22.435253419247,-95.527046583,160.589142,5947.746,0.027
-22.530699179968,-95.363483568,166.536888,5947.746,0.028
-22.625978403801,-95.193972807,172.484634,5947.746,0.029
-22.721085143000,-95.018514300,178.432380,5947.746,0.030
-22.816013449819,-94.837108047,184.380126,5947.746,0.031
-22.910757376512,-94.649754048,190.327872,5947.746,0.032
-23.005310975333,-94.456452303,196.275618,5947.746,0.033
-23.099668298536,-94.257202812,202.223364,5947.746,0.034
-23.193823398375,-94.052005575,208.171110,5947.746,0.035
-23.287770327104,-93.840860592,214.118856,5947.746,0.036
-23.381503136977,-93.623767863,220.066602,5947.746,0.037
-23.475015880248,-93.400727388,226.014348,5947.746,0.038
-23.568302609171,-93.171739167,231.962094,5947.746,0.039
-23.661357376000,-92.936803200,237.909840,5947.746,0.040
-23.754174232989,-92.695919487,243.857586,5947.746,0.041
-23.846747232392,-92.449088028,249.805332,5947.746,0.042
-23.939070426463,-92.196308823,255.753078,5947.746,0.043
-24.031137867456,-91.937581872,261.700824,5947.746,0.044
-24.122943607625,-91.672907175,267.648570,5947.746,0.045
-24.214481699224,-91.402284732,273.596316,5947.746,0.046
-24.305746194507,-91.125714543,279.544062,5947.746,0.047
-24.396731145728,-90.843196608,285.491808,5947.746,0.048
-24.487430605141,-90.554730927,291.439554,5947.746,0.049
-24.577838625000,-90.260317500,297.387300,5947.746,0.050
-24.667949257559,-89.959956327,303.335046,5947.746,0.051
-24.757756555072,-89.653647408,309.282792,5947.746,0.052
-24.847254569793,-89.341390743,315.230538,5947.746,0.053
-24.936437353976,-89.023186332,321.178284,5947.746,0.054
-25.025298959875,-88.699034175,327.126030,5947.746,0.055
-25.113833439744,-88.368934272,333.073776,5947.746,0.056
-25.202034845837,-88.032886623,339.021522,5947.746,0.057
-25.289897230408,-87.690891228,344.969268,5947.746,0.058
-25.377414645711,-87.342948087,350.917014,5947.746,0.059
-25.464581144000,-86.989057200,356.864760,5947.746,0.060
-25.551390777529,-86.629218567,362.812506,5947.746,0.061
-25.637837598552,-86.263432188,368.760252,5947.746,0.062
-25.723915659323,-85.891698063,374.707998,5947.746,0.063
-25.809619012096,-85.514016192,380.655744,5947.746,0.064
-25.894941709125,-85.130386575,386.603490,5947.746,0.065
-25.979877802664,-84.740809212,392.551236,5947.746,0.066
-26.064421344967,-84.345284103,398.498982,5947.746,0.067
-26.148566388288,-83.943811248,404.446728,5947.746,0.068
-26.23230636302788,-83.53856992945495,415.486,0,0.069
-26.31563718995733,-83.12308392945495,415.486,0,0.070
-26.39855253088679,-82.70759792945495,415.486,0,0.071
-26.48105238581624,-82.29211192945495,415.486,0,0.072
-26.56313675474570,-81.87662592945495,415.486,0,0.073
-26.64480563767515,-81.46113992945495,415.486,0,0.074
-26.72605903460461,-81.04565392945495,415.486,0,0.075
-26.80689694553406,-80.63016792945495,415.486,0,0.076
-26.88731937046352,-80.21468192945495,415.486,0,0.077
-26.96732630939297,-79.79919592945495,415.486,0,0.078
-27.04691776232243,-79.38370992945495,415.486,0,0.079
-27.12609372925188,-78.96822392945495,415.486,0,0.080
-27.20485421018134,-78.55273792945495,415.486,0,0.081
-27.28319920511079,-78.13725192945495,415.486,0,0.082
-27.36112871404025,-77.72176592945495,415.486,0,0.083
-27.43864273696970,-77.30627992945495,415.486,0,0.084
-27.51574127389916,-76.89079392945495,415.486,0,0.085
-27.59242432482861,-76.47530792945495,415.486,0,0.086
-27.66869188975807,-76.05982192945495,415.486,0,0.087
-27.74454396868752,-75.64433592945495,415.486,0,0.088
-27.81998056161698,-75.22884992945495,415.486,0,0.089
-27.89500166854643,-74.81336392945495,415.486,0,0.090
-27.96960728947589,-74.39787792945495,415.486,0,0.091
-28.04379742440534,-73.98239192945495,415.486,0,0.092
-28.11757207333480,-73.56690592945495,415.486,0,0.093
-28.19093123626425,-73.15141992945495,415.486,0,0.094
-28.26387491319371,-72.73593392945495,415.486,0,0.095
-28.33640310412316,-72.32044792945495,415.486,0,0.096
-28.40851580905262,-71.90496192945495,415.486,0,0.097
-28.48021302798207,-71.48947592945495,415.486,0,0.098
-28.55149476091152,-71.07398992945495,415.486,0,0.099
-28.62236100784098,-70.65850392945495,415.486,0,0.100
-28.69281176877044,-70.24301792945495,415.486,0,0.101
-28.76284704369989,-69.82753192945495,415.486,0,0.102
-28.83246683262934,-69.41204592945495,415.486,0,0.103
-28.90167113555880,-68.99655992945495,415.486,0,0.104
-28.97045995248826,-68.58107392945495,415.486,0,0.105
-29.03883328341771,-68.16558792945495,415.486,0,0.106
-29.10679112834716,-67.75010192945495,415.486,0,0.107
-29.17433348727662,-67.33461592945495,415.486,0,0.108
-29.24146036020608,-66.91912992945495,415.486,0,0.109
-29.30817174713553,-66.50364392945495,415.486,0,0.110
-29.37446764806498,-66.08815792945495,415.486,0,0.111
-29.44034806299444,-65.67267192945495,415.486,0,0.112
-29.50581299192390,-65.25718592945495,415.486,0,0.113
-29.57086243485335,-64.84169992945495,415.486,0,0.114
-29.63549639178280,-64.42621392945495,415.486,0,0.115
-29.69971486271226,-64.01072792945495,415.486,0,0.116
-29.76351784764171,-63.59524192945495,415.486,0,0.117
-29.82690534657117,-63.17975592945495,415.486,0,0.118
-29.88987735950062,-62.76426992945495,415.486,0,0.119
-29.95243388643008,-62.34878392945495,415.486,0,0.120
-30.01457492735953,-61.93329792945495,415.486,0,0.121
-30.07630048228899,-61.51781192945495,415.486,0,0.122
-30.13761055121844,-61.10232592945495,415.486,0,0.123
-30.19850513414790,-60.68683992945495,415.486,0,0.124
-30.25898423107735,-60.27135392945495,415.486,0,0.125
-30.31904784200681,-59.85586792945495,415.486,0,0.126
-30.37869596693626,-59.44038192945495,415.486,0,0.127
-30.43792860586572,-59.02489592945495,415.486,0,0.128
-30.49674575879517,-58.60940992945495,415.486,0,0.129
-30.55514742572463,-58.19392392945495,415.486,0,0.130
-30.61313360665408,-57.77843792945495,415.486,0,0.131
-30.67070430158354,-57.36295192945495,415.486,0,0.132
-30.72785951051299,-56.94746592945495,415.486,0,0.133
-30.78459923344245,-56.53197992945495,415.486,0,0.134
-30.84092347037190,-56.11649392945495,415.486,0,0.135
-30.89683222130136,-55.70100792945495,415.486,0,0.136
-30.95232548623081,-55.28552192945495,415.486,0,0.137
-31.00740326516027,-54.87003592945495,415.486,0,0.138
-31.06206555808972,-54.45454992945495,415.486,0,0.139
-31.11631236501918,-54.03906392945495,415.486,0,0.140
-31.17014368594863,-53.62357792945495,415.486,0,0.141
-31.22355952087809,-53.20809192945495,415.486,0,0.142
-31.27655986980754,-52.79260592945495,415.486,0,0.143
-31.32914473273700,-52.37711992945495,415.486,0,0.144
-31.38131410966645,-51.96163392945495,415.486,0,0.145
-31.43306800059591,-51.54614792945495,415.486,0,0.146
-31.48440640552536,-51.13066192945495,415.486,0,0.147
-31.53532932445482,-50.71517592945495,415.486,0,0.148
-31.58583675738427,-50.29968992945495,415.486,0,0.149
-31.63592870431373,-49.88420392945495,415.486,0,0.150
-31.68560516524318,-49.46871792945495,415.486,0,0.151
-31.73486614017264,-49.05323192945495,415.486,0,0.152
-31.78371162910209,-48.63774592945495,415.486,0,0.153
-31.83214163203155,-48.22225992945495,415.486,0,0.154
-31.88015614896100,-47.80677392945495,415.486,0,0.155
-31.92775517989046,-47.39128792945495,415.486,0,0.156
-31.97493872481991,-46.97580192945495,415.486,0,0.157
-32.02170678374937,-46.56031592945495,415.486,0,0.158
-32.06805935667882,-46.14482992945495,415.486,0,0.159
-32.11399644360828,-45.72934392945495,415.486,0,0.160
-32.15951804453773,-45.31385792945495,415.486,0,0.161
-32.20462415946719,-44.89837192945495,415.486,0,0.162
-32.24931478839664,-44.48288592945495,415.486,0,0.163
-32.29358993132610,-44.06739992945495,415.486,0,0.164
-32.33744958825555,-43.65191392945495,415.486,0,0.165
-32.38089375918501,-43.23642792945495,415.486,0,0.166
-32.42392244411446,-42.82094192945495,415.486,0,0.167
-32.46653564304392,-42.40545592945495,415.486,0,0.168
-32.50873335597337,-41.98996992945495,415.486,0,0.169
-32.55051558290283,-41.57448392945495,415.486,0,0.170
-32.59188232383228,-41.15899792945495,415.486,0,0.171
-32.63283357876174,-40.74351192945495,415.486,0,0.172
-32.67336934769119,-40.32802592945495,415.486,0,0.173
-32.71348963062065,-39.91253992945495,415.486,0,0.174
-32.75319442755010,-39.49705392945495,415.486,0,0.175
-32.79248373847956,-39.08156792945495,415.486,0,0.176
-32.83135756340901,-38.66608192945495,415.486,0,0.177
-32.86981590233847,-38.25059592945495,415.486,0,0.178
-32.90785875526792,-37.83510992945495,415.486,0,0.179
-32.94548612219738,-37.41962392945495,415.486,0,0.180
-32.98269800312683,-37.00413792945495,415.486,0,0.181
-33.01949439805629,-36.58865192945495,415.486,0,0.182
-33.05587530698574,-36.17316592945495,415.486,0,0.183
-33.09184072991520,-35.75767992945495,415.486,0,0.184
-33.12739066684465,-35.34219392945495,415.486,0,0.185
-33.16252511777411,-34.92670792945495,415.486,0,0.186
-33.19724408270356,-34.51122192945495,415.486,0,0.187
-33.23154756163302,-34.09573592945495,415.486,0,0.188
-33.26543555456247,-33.68024992945495,415.486,0,0.189
-33.29890806149193,-33.26476392945495,415.486,0,0.190
-33.33196508242138,-32.84927792945495,415.486,0,0.191
-33.36460661735084,-32.43379192945495,415.486,0,0.192
-33.39683266628029,-32.01830592945495,415.486,0,0.193
-33.42864322920975,-31.60281992945495,415.486,0,0.194
-33.46003830613920,-31.18733392945495,415.486,0,0.195
-33.49101789706866,-30.77184792945495,415.486,0,0.196
-33.52158200199811,-30.35636192945495,415.486,0,0.197
-33.55173062092756,-29.94087592945495,415.486,0,0.198
-33.58146375385702,-29.52538992945495,415.486,0,0.199
-33.61078140078648,-29.10990392945495,415.486,0,0.200
-33.63968356171593,-28.69441792945495,415.486,0,0.201
-33.66817023664538,-28.27893192945495,415.486,0,0.202
-33.69624142557484,-27.86344592945495,415.486,0,0.203
-33.72389712850430,-27.44795992945495,415.486,0,0.204
-33.75113734543375,-27.03247392945495,415.486,0,0.205
-33.77796207636320,-26.61698792945495,415.486,0,0.206
-33.80437132129266,-26.20150192945495,415.486,0,0.207
-33.83036508022212,-25.78601592945495,415.486,0,0.208
-33.85594335315157,-25.37052992945495,415.486,0,0.209
-33.88110614008102,-24.95504392945495,415.486,0,0.210
-33.90585344101048,-24.53955792945495,415.486,0,0.211
-33.93018525593993,-24.12407192945495,415.486,0,0.212
-33.95410158486939,-23.70858592945495,415.486,0,0.213
-33.97760242779884,-23.29309992945495,415.486,0,0.214
-34.00068778472830,-22.87761392945495,415.486,0,0.215
-34.02335765565776,-22.46212792945495,415.486,0,0.216
-34.04561204058721,-22.04664192945495,415.486,0,0.217
-34.06745093951666,-21.63115592945495,415.486,0,0.218
-34.08887435244612,-21.21566992945495,415.486,0,0.219
-34.10988227937558,-20.80018392945495,415.486,0,0.220
-34.13047472030503,-20.38469792945495,415.486,0,0.221
-34.15065167523448,-19.96921192945495,415.486,0,0.222
-34.17041314416394,-19.55372592945495,415.486,0,0.223
-34.18975912709339,-19.13823992945495,415.486,0,0.224
-34.20868962402285,-18.72275392945495,415.486,0,0.225
-34.22720463495231,-18.30726792945495,415.486,0,0.226
-34.24530415988176,-17.89178192945495,415.486,0,0.227
-34.26298819881122,-17.47629592945495,415.486,0,0.228
-34.28025675174067,-17.06080992945495,415.486,0,0.229
-34.29710981867012,-16.64532392945495,415.486,0,0.230
-34.31354739959958,-16.22983792945495,415.486,0,0.231
-34.32956949452904,-15.81435192945495,415.486,0,0.232
-34.34517610345849,-15.39886592945495,415.486,0,0.233
-34.36036722638794,-14.98337992945495,415.486,0,0.234
-34.37514286331740,-14.56789392945495,415.486,0,0.235
-34.38950301424685,-14.15240792945495,415.486,0,0.236
-34.40344767917631,-13.73692192945495,415.486,0,0.237
-34.41697685810577,-13.32143592945495,415.486,0,0.238
-34.43009055103522,-12.90594992945495,415.486,0,0.239
-34.44278875796468,-12.49046392945495,415.486,0,0.240
-34.45507147889413,-12.07497792945495,415.486,0,0.241
-34.46693871382358,-11.65949192945495,415.486,0,0.242
-34.47839046275304,-11.24400592945495,415.486,0,0.243
-34.48942672568250,-10.82851992945495,415.486,0,0.244
-34.50004750261195,-10.41303392945495,415.486,0,0.245
-34.51025279354141,-9.99754792945495,415.486,0,0.246
-34.52004259847086,-9.58206192945495,415.486,0,0.247
-34.52941691740031,-9.16657592945495,415.486,0,0.248
-34.53837575032977,-8.75108992945495,415.486,0,0.249
-34.54691909725922,-8.33560392945495,415.486,0,0.250
-34.55504695818868,-7.92011792945495,415.486,0,0.251
-34.56275933311814,-7.50463192945495,415.486,0,0.252
-34.57005622204759,-7.08914592945495,415.486,0,0.253
-34.57693762497704,-6.67365992945495,415.486,0,0.254
-34.58340354190650,-6.25817392945495,415.486,0,0.255
-34.58945397283595,-5.84268792945495,415.486,0,0.256
-34.59508891776541,-5.42720192945495,415.486,0,0.257
-34.60030837669487,-5.01171592945495,415.486,0,0.258
-34.60511234962432,-4.59622992945495,415.486,0,0.259
-34.60950083655377,-4.18074392945495,415.486,0,0.260
-34.61347383748323,-3.76525792945495,415.486,0,0.261
-34.61703135241268,-3.34977192945495,415.486,0,0.262
-34.62017338134214,-2.93428592945495,415.486,0,0.263
-34.62289992427160,-2.51879992945495,415.486,0,0.264
-34.62521098120105,-2.10331392945495,415.486,0,0.265
-34.62710655213050,-1.68782792945495,415.486,0,0.266
-34.62858663705996,-1.27234192945495,415.486,0,0.267
-34.62965123598941,-0.85685592945495,415.486,0,0.268
-34.63030034891887,-0.44136992945495,415.486,0,0.269
-34.63053397584833,-0.02588392945495,415.486,0,0.270
-34.63035211677778,0.38960207054505,415.486,0,0.271
-34.62975477170723,0.80508807054505,415.486,0,0.272
-34.62874194063669,1.22057407054505,415.486,0,0.273
-34.62731362356614,1.63606007054505,415.486,0,0.274
-34.62546982049560,2.05154607054505,415.486,0,0.275
-34.62321053142505,2.4670320705450,415.486,0,0.276
-34.62053575635451,2.8825180705450,415.486,0,0.277
-34.61744549528396,3.2980040705450,415.486,0,0.278
-34.61393974821342,3.7134900705450,415.486,0,0.279
-34.61001851514287,4.1289760705450,415.486,0,0.280
-34.60568179607233,4.5444620705450,415.486,0,0.281
-34.60092959100178,4.9599480705450,415.486,0,0.282
-34.59576189993124,5.3754340705450,415.486,0,0.283
-34.59017872286069,5.7909200705450,415.486,0,0.284
-34.58418005979015,6.2064060705450,415.486,0,0.285
-34.57776591071960,6.6218920705450,415.486,0,0.286
-34.57093627564906,7.0373780705450,415.486,0,0.287
-34.56369115457851,7.4528640705450,415.486,0,0.288
-34.55603054750796,7.8683500705450,415.486,0,0.289
-34.54795445443743,8.2838360705450,415.486,0,0.290
-34.53946287536688,8.6993220705450,415.486,0,0.291
-34.53055581029633,9.1148080705450,415.486,0,0.292
-34.52123325922579,9.5302940705450,415.486,0,0.293
-34.51149522215524,9.9457800705450,415.486,0,0.294
-34.50134169908469,10.3612660705450,415.486,0,0.295
-34.49077269001416,10.7767520705450,415.486,0,0.296
-34.47978819494361,11.1922380705450,415.486,0,0.297
-34.46838821387306,11.6077240705450,415.486,0,0.298
-34.45657274680252,12.0232100705450,415.486,0,0.299
-34.44434179373197,12.4386960705450,415.486,0,0.300
-34.43169535466142,12.8541820705450,415.486,0,0.301
-34.41863342959088,13.2696680705450,415.486,0,0.302
-34.40515601852034,13.6851540705450,415.486,0,0.303
-34.39126312144979,14.1006400705450,415.486,0,0.304
-34.37695473837925,14.5161260705450,415.486,0,0.305
-34.36223086930870,14.9316120705450,415.486,0,0.306
-34.34709151423816,15.3470980705450,415.486,0,0.307
-34.33153667316761,15.7625840705450,415.486,0,0.308
-34.31556634609707,16.1780700705450,415.486,0,0.309
-34.29918053302652,16.5935560705450,415.486,0,0.310
-34.28237923395598,17.0090420705450,415.486,0,0.311
-34.26516244888543,17.4245280705450,415.486,0,0.312
-34.24753017781489,17.8400140705450,415.486,0,0.313
-34.22948242074434,18.2555000705450,415.486,0,0.314
-34.21101917767379,18.6709860705450,415.486,0,0.315
-34.19214044860325,19.0864720705450,415.486,0,0.316
-34.17284623353271,19.5019580705450,415.486,0,0.317
-34.15313653246216,19.9174440705450,415.486,0,0.318
-34.13301134539162,20.3329300705450,415.486,0,0.319
-34.11247067232107,20.7484160705450,415.486,0,0.320
-34.09151451325052,21.1639020705450,415.486,0,0.321
-34.07014286817998,21.5793880705450,415.486,0,0.322
-34.04835573710944,21.9948740705450,415.486,0,0.323
-34.02615312003889,22.4103600705450,415.486,0,0.324
-34.00353501696835,22.8258460705450,415.486,0,0.325
-33.98050142789780,23.2413320705450,415.486,0,0.326
-33.95705235282725,23.6568180705450,415.486,0,0.327
-33.93318779175671,24.0723040705450,415.486,0,0.328
-33.90890774468617,24.4877900705450,415.486,0,0.329
-33.88421221161562,24.9032760705450,415.486,0,0.330
-33.85910119254508,25.3187620705450,415.486,0,0.331
-33.83357468747453,25.7342480705450,415.486,0,0.332
-33.80763269640398,26.1497340705450,415.486,0,0.333
-33.78127521933344,26.5652200705450,415.486,0,0.334
-33.75450225626290,26.9807060705450,415.486,0,0.335
-33.72731380719235,27.3961920705450,415.486,0,0.336
-33.69970987212181,27.8116780705450,415.486,0,0.337
-33.67169045105126,28.2271640705450,415.486,0,0.338
-33.64325554398071,28.6426500705450,415.486,0,0.339
-33.61440515091017,29.0581360705450,415.486,0,0.340
-33.58513927183962,29.4736220705450,415.486,0,0.341
-33.55545790676908,29.8891080705450,415.486,0,0.342
-33.52536105569854,30.3045940705450,415.486,0,0.343
-33.49484871862799,30.7200800705450,415.486,0,0.344
-33.46392089555744,31.1355660705450,415.486,0,0.345
-33.43257758648690,31.5510520705450,415.486,0,0.346
-33.40081879141635,31.9665380705450,415.486,0,0.347
-33.36864451034581,32.3820240705450,415.486,0,0.348
-33.33605474327527,32.7975100705450,415.486,0,0.349
-33.30304949020472,33.2129960705450,415.486,0,0.350
-33.26962875113417,33.6284820705450,415.486,0,0.351
-33.23579252606363,34.0439680705450,415.486,0,0.352
-33.20154081499308,34.4594540705450,415.486,0,0.353
-33.16687361792254,34.8749400705450,415.486,0,0.354
-33.13179093485200,35.2904260705450,415.486,0,0.355
-33.09629276578145,35.7059120705450,415.486,0,0.356
-33.06037911071090,36.1213980705450,415.486,0,0.357
-33.02404996964036,36.5368840705450,415.486,0,0.358
-32.98730534256981,36.9523700705450,415.486,0,0.359
-32.95014522949927,37.3678560705450,415.486,0,0.360
-32.91256963042873,37.7833420705450,415.486,0,0.361
-32.87457854535818,38.1988280705450,415.486,0,0.362
-32.83617197428763,38.6143140705450,415.486,0,0.363
-32.79734991721709,39.0298000705450,415.486,0,0.364
-32.75811237414654,39.4452860705450,415.486,0,0.365
-32.71845934507600,39.8607720705450,415.486,0,0.366
-32.67839083000545,40.2762580705450,415.486,0,0.367
-32.63790682893491,40.6917440705450,415.486,0,0.368
-32.59700734186436,41.1072300705450,415.486,0,0.369
-32.55569236879382,41.5227160705450,415.486,0,0.370
-32.51396190972327,41.9382020705450,415.486,0,0.371
-32.47181596465273,42.3536880705450,415.486,0,0.372
-32.42925453358218,42.7691740705450,415.486,0,0.373
-32.38627761651164,43.1846600705450,415.486,0,0.374
-32.34288521344110,43.6001460705450,415.486,0,0.375
-32.29907732437055,44.0156320705450,415.486,0,0.376
-32.25485394930000,44.4311180705450,415.486,0,0.377
-32.21021508822946,44.8466040705450,415.486,0,0.378
-32.16516074115891,45.2620900705450,415.486,0,0.379
-32.11969090808836,45.6775760705450,415.486,0,0.380
-32.07380558901783,46.0930620705450,415.486,0,0.381
-32.02750478394728,46.5085480705450,415.486,0,0.382
-31.98078849287673,46.9240340705450,415.486,0,0.383
-31.93365671580619,47.3395200705450,415.486,0,0.384
-31.88610945273564,47.7550060705450,415.486,0,0.385
-31.83814670366509,48.1704920705450,415.486,0,0.386
-31.78976846859456,48.5859780705450,415.486,0,0.387
-31.74097474752401,49.0014640705450,415.486,0,0.388
-31.69176554045346,49.4169500705450,415.486,0,0.389
-31.64214084738292,49.8324360705450,415.486,0,0.390
-31.59210066831237,50.2479220705450,415.486,0,0.391
-31.54164500324182,50.6634080705450,415.486,0,0.392
-31.49077385217128,51.0788940705450,415.486,0,0.393
-31.43948721510074,51.4943800705450,415.486,0,0.394
-31.38778509203019,51.9098660705450,415.486,0,0.395
-31.33566748295965,52.3253520705450,415.486,0,0.396
-31.28313438788910,52.7408380705450,415.486,0,0.397
-31.23018580681856,53.1563240705450,415.486,0,0.398
-31.17682173974801,53.5718100705450,415.486,0,0.399
-31.12304218667747,53.9872960705450,415.486,0,0.400
-31.06884714760692,54.4027820705450,415.486,0,0.401
-31.01423662253638,54.8182680705450,415.486,0,0.402
-30.95921061146583,55.2337540705450,415.486,0,0.403
-30.90376911439529,55.6492400705450,415.486,0,0.404
-30.84791213132474,56.0647260705450,415.486,0,0.405
-30.79163966225419,56.4802120705450,415.486,0,0.406
-30.73495170718365,56.8956980705450,415.486,0,0.407
-30.67784826611311,57.3111840705450,415.486,0,0.408
-30.62032933904256,57.7266700705450,415.486,0,0.409
-30.56239492597202,58.1421560705450,415.486,0,0.410
-30.50404502690147,58.5576420705450,415.486,0,0.411
-30.44527964183092,58.9731280705450,415.486,0,0.412
-30.38609877076038,59.3886140705450,415.486,0,0.413
-30.32650241368984,59.8041000705450,415.486,0,0.414
-30.26649057061929,60.2195860705450,415.486,0,0.415
-30.20606324154875,60.6350720705450,415.486,0,0.416
-30.14522034939896,61.05001630268014,418.0246207481072,-5947.746,0.417
-30.08396231207691,61.46506705042825,412.0768747481072,-5947.746,0.418
-30.02229219788011,61.87417005217635,406.1291287481072,-5947.746,0.419
-29.96021595455455,62.27732530792446,400.1813827481072,-5947.746,0.420
-29.89773952984626,62.67453281767257,394.2336367481072,-5947.746,0.421
-29.83486887150121,63.06579258142068,388.2858907481072,-5947.746,0.422
-29.77160992726541,63.45110459916878,382.3381447481072,-5947.746,0.423
-29.70796864488487,63.83046887091689,376.3903987481072,-5947.746,0.424
-29.64395097210558,64.20388539666500,370.4426527481072,-5947.746,0.425
-29.57956285667354,64.57135417641310,364.4949067481072,-5947.746,0.426
-29.51481024633475,64.93287521016121,358.5471607481072,-5947.746,0.427
-29.44969908883522,65.28844849790932,352.5994147481072,-5947.746,0.428
-29.38423533192094,65.63807403965742,346.6516687481072,-5947.746,0.429
-29.31842492333790,65.98175183540553,340.7039227481072,-5947.746,0.430
-29.25227381083213,66.31948188515364,334.7561767481072,-5947.746,0.431
-29.18578794214960,66.65126418890175,328.8084307481072,-5947.746,0.432
-29.11897326503632,66.97709874664985,322.8606847481072,-5947.746,0.433
-29.05183572723830,67.29698555839796,316.9129387481072,-5947.746,0.434
-28.98438127650153,67.61092462414607,310.9651927481072,-5947.746,0.435
-28.91661586057201,67.91891594389418,305.0174467481072,-5947.746,0.436
-28.84854542719574,68.22095951764228,299.0697007481072,-5947.746,0.437
-28.78017592411872,68.51705534539039,293.1219547481072,-5947.746,0.438
-28.71151329908696,68.80720342713850,287.1742087481072,-5947.746,0.439
-28.64256349984644,69.09140376288660,281.2264627481072,-5947.746,0.440
-28.57333247414318,69.36965635263471,275.2787167481072,-5947.746,0.441
-28.50382616972317,69.64196119638282,269.3309707481072,-5947.746,0.442
-28.43405053433242,69.90831829413092,263.3832247481072,-5947.746,0.443
-28.36401151571691,70.16872764587903,257.4354787481072,-5947.746,0.444
-28.29371506162266,70.42318925162714,251.4877327481072,-5947.746,0.445
-28.22316711979566,70.67170311137525,245.5399867481072,-5947.746,0.446
-28.15237363798191,70.91426922512336,239.5922407481072,-5947.746,0.447
-28.08134056392741,71.15088759287146,233.6444947481072,-5947.746,0.448
-28.01007384537817,71.38155821461957,227.6967487481072,-5947.746,0.449
-27.93857943008017,71.60628109036768,221.7490027481072,-5947.746,0.450
-27.86686326577943,71.82505622011578,215.8012567481072,-5947.746,0.451
-27.79493130022194,72.03788360386389,209.8535107481072,-5947.746,0.452
-27.72278948115370,72.24476324161200,203.9057647481072,-5947.746,0.453
-27.65044375632072,72.44569513336010,197.9580187481072,-5947.746,0.454
-27.57790007346898,72.64067927910821,192.0102727481072,-5947.746,0.455
-27.50516438034450,72.82971567885632,186.0625267481072,-5947.746,0.456
-27.43224262469327,73.01280433260443,180.1147807481072,-5947.746,0.457
-27.35914075426129,73.18994524035253,174.1670347481072,-5947.746,0.458
-27.28586471679457,73.36113840210064,168.2192887481072,-5947.746,0.459
-27.21242046003909,73.52638381784875,162.2715427481072,-5947.746,0.460
-27.13881393174087,73.68568148759685,156.3237967481072,-5947.746,0.461
-27.06505107964590,73.83903141134496,150.3760507481072,-5947.746,0.462
-26.99113785150018,73.98643358909307,144.4283047481072,-5947.746,0.463
-26.91708019504971,74.12788802084118,138.4805587481072,-5947.746,0.464
-26.84288405804050,74.26339470658928,132.5328127481072,-5947.746,0.465
-26.76855538821853,74.39295364633739,126.5850667481072,-5947.746,0.466
-26.69410013332982,74.51656484008550,120.6373207481072,-5947.746,0.467
-26.61952424112036,74.63422828783360,114.6895747481072,-5947.746,0.468
-26.54483365933615,74.74594398958171,108.7418287481072,-5947.746,0.469
-26.47003433572320,74.85171194532982,102.7940827481072,-5947.746,0.470
-26.39513221802749,74.95153215507793,96.84633674810717,-5947.746,0.471
-26.32013325399504,75.04540461882603,90.89859074810717,-5947.746,0.472
-26.24504339137184,75.13332933657414,84.95084474810717,-5947.746,0.473
-26.16986857790389,75.21530630832225,79.00309874810717,-5947.746,0.474
-26.09461476133720,75.29133553407035,73.05535274810717,-5947.746,0.475
-26.01928788941775,75.36141701381846,67.10760674810717,-5947.746,0.476
-25.94389390989156,75.42555074756657,61.15986074810717,-5947.746,0.477
-25.86843877050462,75.48373673531468,55.21211474810717,-5947.746,0.478
-25.79292841900293,75.53597497706278,49.26436874810717,-5947.746,0.479
-25.71736880313249,75.58226547281089,43.31662274810717,-5947.746,0.480
-25.64176587063931,75.62260822255900,37.36887674810717,-5947.746,0.481
-25.56612556926938,75.65700322630710,31.42113074810717,-5947.746,0.482
-25.49045384676870,75.68545048405521,25.47338474810717,-5947.746,0.483
-25.41475665088327,75.70794999580332,19.52563874810717,-5947.746,0.484
-25.33903992935909,75.72450176155143,13.57789274810717,-5947.746,0.485
-25.26330962994216,75.73510578129953,7.630146748107168,-5947.746,0.486
-25.18757172281381,75.74,0,0,0.487
-25.11183172281381,75.74,0,0,0.488
-25.03609172281381,75.74,0,0,0.489
-24.96035172281381,75.74,0,0,0.490
-24.88461172281381,75.74,0,0,0.491
-24.80887172281381,75.74,0,0,0.492
-24.73313172281381,75.74,0,0,0.493
-24.65739172281381,75.74,0,0,0.494
-24.58165172281381,75.74,0,0,0.495
-24.50591172281381,75.74,0,0,0.496
-24.43017172281381,75.74,0,0,0.497
-24.35443172281381,75.74,0,0,0.498
-24.27869172281381,75.74,0,0,0.499
-24.20295172281381,75.74,0,0,0.500
-24.12721172281381,75.74,0,0,0.501
-24.05147172281381,75.74,0,0,0.502
-23.97573172281381,75.74,0,0,0.503
-23.89999172281381,75.74,0,0,0.504
-23.82425172281381,75.74,0,0,0.505
-23.74851172281381,75.74,0,0,0.506
-23.67277172281381,75.74,0,0,0.507
-23.59703172281381,75.74,0,0,0.508
-23.52129172281381,75.74,0,0,0.509
-23.44555172281381,75.74,0,0,0.510
-23.36981172281381,75.74,0,0,0.511
-23.29407172281381,75.74,0,0,0.512
-23.21833172281381,75.74,0,0,0.513
-23.14259172281381,75.74,0,0,0.514
-23.06685172281381,75.74,0,0,0.515
-22.99111172281381,75.74,0,0,0.516
-22.91537172281381,75.74,0,0,0.517
-22.83963172281381,75.74,0,0,0.518
-22.76389172281381,75.74,0,0,0.519
-22.68815172281381,75.74,0,0,0.520
-22.61241172281381,75.74,0,0,0.521
-22.53667172281381,75.74,0,0,0.522
-22.46093172281381,75.74,0,0,0.523
-22.38519172281381,75.74,0,0,0.524
-22.30945172281381,75.74,0,0,0.525
-22.23371172281381,75.74,0,0,0.526
-22.15797172281381,75.74,0,0,0.527
-22.08223172281381,75.74,0,0,0.528
-22.00649172281381,75.74,0,0,0.529
-21.93075172281381,75.74,0,0,0.530
-21.85501172281381,75.74,0,0,0.531
-21.77927172281381,75.74,0,0,0.532
-21.70353172281381,75.74,0,0,0.533
-21.62779172281381,75.74,0,0,0.534
-21.55205172281381,75.74,0,0,0.535
-21.47631172281381,75.74,0,0,0.536
-21.40057172281381,75.74,0,0,0.537
-21.32483172281381,75.74,0,0,0.538
-21.24909172281381,75.74,0,0,0.539
-21.17335172281381,75.74,0,0,0.540
-21.09761172281381,75.74,0,0,0.541
-21.02187172281381,75.74,0,0,0.542
-20.94613172281381,75.74,0,0,0.543
-20.87039172281381,75.74,0,0,0.544
-20.79465172281381,75.74,0,0,0.545
-20.71891172281381,75.74,0,0,0.546
-20.64317172281381,75.74,0,0,0.547
-20.56743172281381,75.74,0,0,0.548
-20.49169172281381,75.74,0,0,0.549
-20.41595172281381,75.74,0,0,0.550
-20.34021172281381,75.74,0,0,0.551
-20.26447172281381,75.74,0,0,0.552
-20.18873172281381,75.74,0,0,0.553
-20.11299172281381,75.74,0,0,0.554
-20.03725172281381,75.74,0,0,0.555
-19.96151172281381,75.74,0,0,0.556
-19.88577172281381,75.74,0,0,0.557
-19.81003172281381,75.74,0,0,0.558
-19.73429172281381,75.74,0,0,0.559
-19.65855172281381,75.74,0,0,0.560
-19.58281172281381,75.74,0,0,0.561
-19.50707172281381,75.74,0,0,0.562
-19.43133172281381,75.74,0,0,0.563
-19.35559172281381,75.74,0,0,0.564
-19.27985172281381,75.74,0,0,0.565
-19.20411172281381,75.74,0,0,0.566
-19.12837172281381,75.74,0,0,0.567
-19.05263172281381,75.74,0,0,0.568
-18.97689172281381,75.74,0,0,0.569
-18.90115172281381,75.74,0,0,0.570
-18.82541172281381,75.74,0,0,0.571
-18.74967172281381,75.74,0,0,0.572
-18.67393172281381,75.74,0,0,0.573
-18.59819172281381,75.74,0,0,0.574
-18.52245172281381,75.74,0,0,0.575
-18.44671172281381,75.74,0,0,0.576
-18.37097172281381,75.74,0,0,0.577
-18.29523172281381,75.74,0,0,0.578
-18.21949172281381,75.74,0,0,0.579
-18.14375172281381,75.74,0,0,0.580
-18.06801172281381,75.74,0,0,0.581
-17.99227172281381,75.74,0,0,0.582
-17.91653172281381,75.74,0,0,0.583
-17.84079172281381,75.74,0,0,0.584
-17.76505172281381,75.74,0,0,0.585
-17.68931172281381,75.74,0,0,0.586
-17.61357172281381,75.74,0,0,0.587
-17.53783172281381,75.74,0,0,0.588
-17.46209172281381,75.74,0,0,0.589
-17.38635172281381,75.74,0,0,0.590
-17.31061172281381,75.74,0,0,0.591
-17.23487172281381,75.74,0,0,0.592
-17.15913172281381,75.74,0,0,0.593
-17.08339172281381,75.74,0,0,0.594
-17.00765172281381,75.74,0,0,0.595
-16.93191172281381,75.74,0,0,0.596
-16.85617172281381,75.74,0,0,0.597
-16.78043172281381,75.74,0,0,0.598
-16.70469172281381,75.74,0,0,0.599
-16.62895172281381,75.74,0,0,0.600
-16.55321172281381,75.74,0,0,0.601
-16.47747172281381,75.74,0,0,0.602
-16.40173172281381,75.74,0,0,0.603
-16.32599172281381,75.74,0,0,0.604
-16.25025172281381,75.74,0,0,0.605
-16.17451172281381,75.74,0,0,0.606
-16.09877172281381,75.74,0,0,0.607
-16.02303172281381,75.74,0,0,0.608
-15.94729172281381,75.74,0,0,0.609
-15.87155172281381,75.74,0,0,0.610
-15.79581172281381,75.74,0,0,0.611
-15.72007172281381,75.74,0,0,0.612
-15.64433172281381,75.74,0,0,0.613
-15.56859172281381,75.74,0,0,0.614
-15.49285172281381,75.74,0,0,0.615
-15.41711172281381,75.74,0,0,0.616
-15.34137172281381,75.74,0,0,0.617
-15.26563172281381,75.74,0,0,0.618
-15.18989172281381,75.74,0,0,0.619
-15.11415172281381,75.74,0,0,0.620
-15.03841172281381,75.74,0,0,0.621
-14.96267172281381,75.74,0,0,0.622
-14.88693172281381,75.74,0,0,0.623
-14.81119172281381,75.74,0,0,0.624
-14.73545172281381,75.74,0,0,0.625
-14.65971172281381,75.74,0,0,0.626
-14.58397172281381,75.74,0,0,0.627
-14.50823172281381,75.74,0,0,0.628
-14.43249172281381,75.74,0,0,0.629
-14.35675172281381,75.74,0,0,0.630
-14.28101172281381,75.74,0,0,0.631
-14.20527172281381,75.74,0,0,0.632
-14.12953172281381,75.74,0,0,0.633
-14.05379172281381,75.74,0,0,0.634
-13.97805172281381,75.74,0,0,0.635
-13.90231172281381,75.74,0,0,0.636
-13.82657172281381,75.74,0,0,0.637
-13.75083172281381,75.74,0,0,0.638
-13.67509172281381,75.74,0,0,0.639
-13.59935172281381,75.74,0,0,0.640
-13.52361172281381,75.74,0,0,0.641
-13.44787172281381,75.74,0,0,0.642
-13.37213172281381,75.74,0,0,0.643
-13.29639172281381,75.74,0,0,0.644
-13.22065172281381,75.74,0,0,0.645
-13.14491172281381,75.74,0,0,0.646
-13.06917172281381,75.74,0,0,0.647
-12.99343172281381,75.74,0,0,0.648
-12.91769172281381,75.74,0,0,0.649
-12.84195172281381,75.74,0,0,0.650
-12.76621172281381,75.74,0,0,0.651
-12.69047172281381,75.74,0,0,0.652
-12.61473172281381,75.74,0,0,0.653
-12.53899172281381,75.74,0,0,0.654
-12.46325172281381,75.74,0,0,0.655
-12.38751172281381,75.74,0,0,0.656
-12.31177172281381,75.74,0,0,0.657
-12.23603172281381,75.74,0,0,0.658
-12.16029172281381,75.74,0,0,0.659
-12.08455172281381,75.74,0,0,0.660
-12.00881172281381,75.74,0,0,0.661
-11.93307172281381,75.74,0,0,0.662
-11.85733172281381,75.74,0,0,0.663
-11.78159172281381,75.74,0,0,0.664
-11.70585172281381,75.74,0,0,0.665
-11.63011172281381,75.74,0,0,0.666
-11.55437172281381,75.74,0,0,0.667
-11.47863172281381,75.74,0,0,0.668
-11.40289172281381,75.74,0,0,0.669
-11.32715172281381,75.74,0,0,0.670
-11.25141172281381,75.74,0,0,0.671
-11.17567149785552,75.73889357236347,3.627878319200708,-5947.746,0.672
-11.09993178163500,75.73954757768267,-2.319867680799292,-5947.746,0.673
-11.02419438528216,75.73425383700187,-8.267613680799292,-5947.746,0.674
-10.94846525654299,75.72301235032107,-14.21535968079929,-5947.746,0.675
-10.87275034316351,75.70582311764027,-20.16310568079929,-5947.746,0.676
-10.79705559288971,75.68268613895947,-26.11085168079929,-5947.746,0.677
-10.72138695346759,75.65360141427867,-32.05859768079929,-5947.746,0.678
-10.64575037264316,75.61856894359787,-38.00634368079929,-5947.746,0.679
-10.57015179816240,75.57758872691708,-43.95408968079929,-5947.746,0.680
-10.49459717777132,75.53066076423628,-49.90183568079929,-5947.746,0.681
-10.41909245921593,75.47778505555548,-55.84958168079929,-5947.746,0.682
-10.34364359024221,75.41896160087468,-61.79732768079929,-5947.746,0.683
-10.26825651859618,75.35419040019388,-67.74507368079929,-5947.746,0.684
-10.19293719202382,75.28347145351308,-73.69281968079929,-5947.746,0.685
-10.11769155827115,75.20680476083228,-79.64056568079929,-5947.746,0.686
-10.04252556508416,75.12419032215148,-85.58831168079929,-5947.746,0.687
-9.967445160208849,75.03562813747068,-91.53605768079929,-5947.746,0.688
-9.892456291391219,74.94111820678988,-97.48380368079929,-5947.746,0.689
-9.817564906377270,74.84066053010908,-103.4315496807993,-5947.746,0.690
-9.742776952913001,74.73425510742828,-109.3792956807993,-5947.746,0.691
-9.668098378744413,74.62190193874748,-115.3270416807993,-5947.746,0.692
-9.593535131617506,74.50360102406668,-121.2747876807993,-5947.746,0.693
-9.519093159278280,74.37935236338588,-127.2225336807993,-5947.746,0.694
-9.444778409472734,74.24915595670509,-133.1702796807993,-5947.746,0.695
-9.370596829946869,74.11301180402429,-139.1180256807993,-5947.746,0.696
-9.296554368446686,73.97091990534349,-145.0657716807993,-5947.746,0.697
-9.222656972718182,73.82288026066269,-151.0135176807993,-5947.746,0.698
-9.148910590507360,73.66889286998189,-156.9612636807993,-5947.746,0.699
-9.075321169560219,73.50895773330109,-162.9090096807993,-5947.746,0.700
-9.001894657622758,73.34307485062029,-168.8567556807993,-5947.746,0.701
-8.928637002440978,73.17124422193949,-174.8045016807993,-5947.746,0.702
-8.855554151760879,72.99346584725869,-180.7522476807993,-5947.746,0.703
-8.782652053328461,72.80973972657789,-186.6999936807993,-5947.746,0.704
-8.709936654889723,72.62006585989709,-192.6477396807993,-5947.746,0.705
-8.637413904190667,72.42444424721630,-198.5954856807993,-5947.746,0.706
-8.565089748977291,72.22287488853550,-204.5432316807993,-5947.746,0.707
-8.492970136995596,72.01535778385469,-210.4909776807993,-5947.746,0.708
-8.421061015991581,71.80189293317390,-216.4387236807993,-5947.746,0.709
-8.349368333711248,71.58248033649310,-222.3864696807993,-5947.746,0.710
-8.277898037900595,71.35711999381230,-228.3342156807993,-5947.746,0.711
-8.206656076305623,71.12581190513150,-234.2819616807993,-5947.746,0.712
-8.135648396672332,70.88855607045070,-240.2297076807993,-5947.746,0.713
-8.064880946746722,70.64535248976990,-246.1774536807993,-5947.746,0.714
-7.994359674274792,70.39620116308910,-252.1251996807993,-5947.746,0.715
-7.924090527002544,70.14110209040830,-258.0729456807993,-5947.746,0.716
-7.854079452675976,69.88005527172750,-264.0206916807993,-5947.746,0.717
-7.784332399041089,69.61306070704670,-269.9684376807993,-5947.746,0.718
-7.714855313843882,69.34011839636590,-275.9161836807993,-5947.746,0.719
-7.645654144830357,69.06122833968510,-281.8639296807993,-5947.746,0.720
-7.576734839746512,68.77639053700431,-287.8116756807993,-5947.746,0.721
-7.508103346338348,68.48560498832350,-293.7594216807993,-5947.746,0.722
-7.439765612351865,68.18887169364270,-299.7071676807993,-5947.746,0.723
-7.371727585533063,67.88619065296191,-305.6549136807993,-5947.746,0.724
-7.303995213627941,67.57756186628111,-311.6026596807993,-5947.746,0.725
-7.236574444382500,67.26298533360031,-317.5504056807993,-5947.746,0.726
-7.169471225542741,66.94246105491951,-323.4981516807993,-5947.746,0.727
-7.102691504854662,66.61598903023871,-329.4458976807993,-5947.746,0.728
-7.036241230064263,66.28356925955791,-335.3936436807993,-5947.746,0.729
-6.970126348917546,65.94520174287711,-341.3413896807993,-5947.746,0.730
-6.904352809160509,65.60088648019631,-347.2891356807993,-5947.746,0.731
-6.838926558539153,65.25062347151551,-353.2368816807993,-5947.746,0.732
-6.773853544799478,64.89441271683471,-359.1846276807993,-5947.746,0.733
-6.709139715687484,64.53225421615391,-365.1323736807993,-5947.746,0.734
-6.644791018949170,64.16414796947311,-371.0801196807993,-5947.746,0.735
-6.580813402330538,63.79009397679232,-377.0278656807993,-5947.746,0.736
-6.517212813577586,63.41009223811152,-382.9756116807993,-5947.746,0.737
-6.453995200436314,63.02414275343072,-388.9233576807993,-5947.746,0.738
-6.391166510652724,62.63224552274992,-394.8711036807993,-5947.746,0.739
-6.328732691972814,62.23440054606912,-400.8188496807993,-5947.746,0.740
-6.266699692142586,61.83060782338832,-406.7665956807993,-5947.746,0.741
-6.205073559222373,61.42151315311908,-415.486,0,0.742
-6.143859789069253,61.00602715311908,-415.486,0,0.743
-6.083061504916134,60.59054115311908,-415.486,0,0.744
-6.022678706763015,60.17505515311908,-415.486,0,0.745
-5.962711394609896,59.75956915311908,-415.486,0,0.746
-5.903159568456777,59.34408315311908,-415.486,0,0.747
-5.844023228303658,58.92859715311908,-415.486,0,0.748
-5.785302374150538,58.51311115311908,-415.486,0,0.749
-5.726997005997420,58.09762515311908,-415.486,0,0.750
-5.669107123844300,57.68213915311908,-415.486,0,0.751
-5.611632727691182,57.26665315311908,-415.486,0,0.752
-5.554573817538062,56.85116715311908,-415.486,0,0.753
-5.497930393384943,56.43568115311908,-415.486,0,0.754
-5.441702455231825,56.02019515311908,-415.486,0,0.755
-5.385890003078705,55.60470915311908,-415.486,0,0.756
-5.330493036925586,55.18922315311908,-415.486,0,0.757
-5.275511556772467,54.77373715311908,-415.486,0,0.758
-5.220945562619348,54.35825115311908,-415.486,0,0.759
-5.166795054466229,53.94276515311908,-415.486,0,0.760
-5.113060032313110,53.52727915311908,-415.486,0,0.761
-5.059740496159990,53.11179315311908,-415.486,0,0.762
-5.006836446006872,52.69630715311908,-415.486,0,0.763
-4.954347881853752,52.28082115311908,-415.486,0,0.764
-4.902274803700633,51.86533515311908,-415.486,0,0.765
-4.850617211547514,51.44984915311908,-415.486,0,0.766
-4.799375105394395,51.03436315311908,-415.486,0,0.767
-4.748548485241276,50.61887715311908,-415.486,0,0.768
-4.698137351088157,50.20339115311908,-415.486,0,0.769
-4.648141702935038,49.78790515311908,-415.486,0,0.770
-4.598561540781919,49.37241915311908,-415.486,0,0.771
-4.549396864628800,48.95693315311908,-415.486,0,0.772
-4.500647674475680,48.54144715311908,-415.486,0,0.773
-4.452313970322563,48.12596115311908,-415.486,0,0.774
-4.404395752169442,47.71047515311908,-415.486,0,0.775
-4.356893020016325,47.29498915311908,-415.486,0,0.776
-4.309805773863204,46.87950315311908,-415.486,0,0.777
-4.263134013710084,46.46401715311908,-415.486,0,0.778
-4.216877739556966,46.04853115311908,-415.486,0,0.779
-4.171036951403846,45.63304515311908,-415.486,0,0.780
-4.125611649250728,45.21755915311908,-415.486,0,0.781
-4.080601833097608,44.80207315311908,-415.486,0,0.782
-4.036007502944490,44.38658715311908,-415.486,0,0.783
-3.991828658791370,43.97110115311908,-415.486,0,0.784
-3.948065300638253,43.55561515311908,-415.486,0,0.785
-3.904717428485132,43.14012915311908,-415.486,0,0.786
-3.861785042332015,42.72464315311908,-415.486,0,0.787
-3.819268142178894,42.30915715311908,-415.486,0,0.788
-3.777166728025777,41.89367115311908,-415.486,0,0.789
-3.735480799872656,41.47818515311908,-415.486,0,0.790
-3.694210357719536,41.06269915311908,-415.486,0,0.791
-3.653355401566418,40.64721315311908,-415.486,0,0.792
-3.612915931413298,40.23172715311908,-415.486,0,0.793
-3.572891947260180,39.81624115311908,-415.486,0,0.794
-3.533283449107060,39.40075515311908,-415.486,0,0.795
-3.494090436953942,38.98526915311908,-415.486,0,0.796
-3.455312910800822,38.56978315311908,-415.486,0,0.797
-3.416950870647705,38.15429715311908,-415.486,0,0.798
-3.379004316494584,37.73881115311908,-415.486,0,0.799
-3.341473248341467,37.32332515311908,-415.486,0,0.800
-3.304357666188346,36.90783915311908,-415.486,0,0.801
-3.267657570035228,36.49235315311908,-415.486,0,0.802
-3.231372959882108,36.07686715311908,-415.486,0,0.803
-3.195503835728988,35.66138115311908,-415.486,0,0.804
-3.160050197575868,35.24589515311908,-415.486,0,0.805
-3.125012045422748,34.83040915311908,-415.486,0,0.806
-3.090389379269630,34.41492315311908,-415.486,0,0.807
-3.056182199116510,33.99943715311908,-415.486,0,0.808
-3.022390504963393,33.58395115311908,-415.486,0,0.809
-2.989014296810272,33.16846515311908,-415.486,0,0.810
-2.956053574657155,32.75297915311908,-415.486,0,0.811
-2.923508338504034,32.33749315311908,-415.486,0,0.812
-2.891378588350917,31.92200715311908,-415.486,0,0.813
-2.859664324197796,31.50652115311908,-415.486,0,0.814
-2.828365546044676,31.09103515311908,-415.486,0,0.815
-2.797482253891558,30.67554915311908,-415.486,0,0.816
-2.767014447738438,30.26006315311908,-415.486,0,0.817
-2.736962127585320,29.84457715311908,-415.486,0,0.818
-2.707325293432200,29.42909115311908,-415.486,0,0.819
-2.678103945279082,29.01360515311908,-415.486,0,0.820
-2.649298083125962,28.59811915311908,-415.486,0,0.821
-2.620907706972845,28.18263315311908,-415.486,0,0.822
-2.592932816819724,27.76714715311908,-415.486,0,0.823
-2.565373412666607,27.35166115311908,-415.486,0,0.824
-2.538229494513486,26.93617515311908,-415.486,0,0.825
-2.511501062360369,26.52068915311908,-415.486,0,0.826
-2.485188116207248,26.10520315311908,-415.486,0,0.827
-2.459290656054128,25.68971715311908,-415.486,0,0.828
-2.433808681901010,25.27423115311908,-415.486,0,0.829
-2.408742193747890,24.85874515311908,-415.486,0,0.830
-2.384091191594772,24.44325915311908,-415.486,0,0.831
-2.359855675441652,24.02777315311908,-415.486,0,0.832
-2.336035645288534,23.61228715311908,-415.486,0,0.833
-2.312631101135414,23.19680115311908,-415.486,0,0.834
-2.289642042982297,22.78131515311908,-415.486,0,0.835
-2.267068470829176,22.36582915311908,-415.486,0,0.836
-2.244910384676059,21.95034315311908,-415.486,0,0.837
-2.223167784522938,21.53485715311908,-415.486,0,0.838
-2.201840670369821,21.11937115311908,-415.486,0,0.839
-2.180929042216700,20.70388515311908,-415.486,0,0.840
-2.160432900063580,20.28839915311908,-415.486,0,0.841
-2.140352243910462,19.87291315311908,-415.486,0,0.842
-2.120687073757342,19.45742715311908,-415.486,0,0.843
-2.101437389604224,19.04194115311908,-415.486,0,0.844
-2.082603191451104,18.62645515311908,-415.486,0,0.845
-2.064184479297986,18.21096915311908,-415.486,0,0.846
-2.046181253144866,17.79548315311908,-415.486,0,0.847
-2.028593512991749,17.37999715311908,-415.486,0,0.848
-2.011421258838628,16.96451115311908,-415.486,0,0.849
-1.994664490685511,16.54902515311908,-415.486,0,0.850
-1.978323208532390,16.13353915311908,-415.486,0,0.851
-1.962397412379272,15.71805315311908,-415.486,0,0.852
-1.946887102226152,15.30256715311908,-415.486,0,0.853
-1.931792278073032,14.88708115311908,-415.486,0,0.854
-1.917112939919914,14.47159515311908,-415.486,0,0.855
-1.902849087766794,14.05610915311908,-415.486,0,0.856
-1.889000721613679,13.64062315311908,-415.486,0,0.857
-1.875567841460557,13.22513715311908,-415.486,0,0.858
-1.862550447307435,12.80965115311908,-415.486,0,0.859
-1.849948539154320,12.39416515311908,-415.486,0,0.860
-1.837762117001198,11.97867915311908,-415.486,0,0.861
-1.825991180848082,11.56319315311908,-415.486,0,0.862
-1.814635730694961,11.14770715311908,-415.486,0,0.863
-1.803695766541845,10.73222115311908,-415.486,0,0.864
-1.793171288388723,10.31673515311908,-415.486,0,0.865
-1.783062296235601,9.90124915311908,-415.486,0,0.866
-1.773368790082485,9.48576315311908,-415.486,0,0.867
-1.764090769929364,9.07027715311908,-415.486,0,0.868
-1.755228235776248,8.65479115311908,-415.486,0,0.869
-1.746781187623126,8.23930515311908,-415.486,0,0.870
-1.738749625470011,7.82381915311908,-415.486,0,0.871
-1.731133549316889,7.40833315311908,-415.486,0,0.872
-1.723932959163767,6.99284715311908,-415.486,0,0.873
-1.717147855010652,6.57736115311908,-415.486,0,0.874
-1.710778236857529,6.16187515311908,-415.486,0,0.875
-1.704824104704415,5.74638915311908,-415.486,0,0.876
-1.699285458551292,5.33090315311908,-415.486,0,0.877
-1.694162298398177,4.91541715311908,-415.486,0,0.878
-1.689454624245055,4.49993115311908,-415.486,0,0.879
-1.685162436091933,4.08444515311908,-415.486,0,0.880
-1.681285733938818,3.66895915311908,-415.486,0,0.881
-1.677824517785695,3.25347315311908,-415.486,0,0.882
-1.674778787632581,2.83798715311908,-415.486,0,0.883
-1.672148543479458,2.42250115311908,-415.486,0,0.884
-1.669933785326343,2.00701515311908,-415.486,0,0.885
-1.668134513173221,1.59152915311908,-415.486,0,0.886
-1.666750727020106,1.17604315311908,-415.486,0,0.887
-1.665782426866984,0.76055715311908,-415.486,0,0.888
-1.665229612713870,0.34507115311908,-415.486,0,0.889
-1.665092284560749,-0.07041484688092,-415.486,0,0.890
-1.665370442407621,-0.48590084688092,-415.486,0,0.891
-1.666064086254507,-0.90138684688092,-415.486,0,0.892
-1.667173216101386,-1.31687284688092,-415.486,0,0.893
-1.668697831948272,-1.73235884688092,-415.486,0,0.894
-1.670637933795151,-2.14784484688092,-415.486,0,0.895
-1.672993521642030,-2.56333084688092,-415.486,0,0.896
-1.675764595488909,-2.97881684688092,-415.486,0,0.897
-1.678951155335795,-3.39430284688092,-415.486,0,0.898
-1.682553201182674,-3.80978884688092,-415.486,0,0.899
-1.686570733029559,-4.22527484688092,-415.486,0,0.900
-1.691003750876438,-4.64076084688092,-415.486,0,0.901
-1.695852254723310,-5.05624684688092,-415.486,0,0.902
-1.701116244570196,-5.47173284688092,-415.486,0,0.903
-1.706795720417075,-5.88721884688092,-415.486,0,0.904
-1.712890682263961,-6.30270484688092,-415.486,0,0.905
-1.719401130110840,-6.71819084688092,-415.486,0,0.906
-1.726327063957726,-7.13367684688092,-415.486,0,0.907
-1.733668483804598,-7.54916284688092,-415.486,0,0.908
-1.741425389651477,-7.96464884688092,-415.486,0,0.909
-1.749597781498363,-8.38013484688092,-415.486,0,0.910
-1.758185659345242,-8.79562084688092,-415.486,0,0.911
-1.767189023192128,-9.21110684688092,-415.486,0,0.912
-1.776607873039007,-9.62659284688092,-415.486,0,0.913
-1.786442208885893,-10.04207884688092,-415.486,0,0.914
-1.796692030732765,-10.45756484688092,-415.486,0,0.915
-1.807357338579644,-10.87305084688092,-415.486,0,0.916
-1.818438132426529,-11.28853684688092,-415.486,0,0.917
-1.829934412273408,-11.70402284688092,-415.486,0,0.918
-1.841846178120294,-12.11950884688092,-415.486,0,0.919
-1.854173429967173,-12.53499484688092,-415.486,0,0.920
-1.866916167814059,-12.95048084688092,-415.486,0,0.921
-1.880074391660931,-13.36596684688092,-415.486,0,0.922
-1.893648101507810,-13.78145284688092,-415.486,0,0.923
-1.907637297354696,-14.19693884688092,-415.486,0,0.924
-1.922041979201575,-14.61242484688092,-415.486,0,0.925
-1.936862147048461,-15.02791084688092,-415.486,0,0.926
-1.95209780089534,-15.44339684688092,-415.486,0,0.927
-1.96774894074222,-15.85888284688092,-415.486,0,0.928
-1.98381556658910,-16.27436884688092,-415.486,0,0.929
-2.00029767843598,-16.68985484688092,-415.486,0,0.930
-2.01719527628286,-17.10534084688092,-415.486,0,0.931
-2.03450836012974,-17.52082684688092,-415.486,0,0.932
-2.05223692997663,-17.93631284688092,-415.486,0,0.933
-2.07038098582351,-18.35179884688092,-415.486,0,0.934
-2.08894052767039,-18.76728484688092,-415.486,0,0.935
-2.10791555551726,-19.18277084688092,-415.486,0,0.936
-2.12730606936415,-19.59825684688092,-415.486,0,0.937
-2.14711206921103,-20.01374284688092,-415.486,0,0.938
-2.16733355505791,-20.42922884688092,-415.486,0,0.939
-2.18797052690479,-20.84471484688092,-415.486,0,0.940
-2.20902298475167,-21.26020084688092,-415.486,0,0.941
-2.23049092859855,-21.67568684688092,-415.486,0,0.942
-2.25237435844543,-22.09117284688092,-415.486,0,0.943
-2.27467327429232,-22.50665884688092,-415.486,0,0.944
-2.29738767613920,-22.92214484688092,-415.486,0,0.945
-2.32051756398608,-23.33763084688092,-415.486,0,0.946
-2.34406293783295,-23.75311684688092,-415.486,0,0.947
-2.36802379767983,-24.16860284688092,-415.486,0,0.948
-2.39240014352672,-24.5840888468809,-415.486,0,0.949
-2.41719197537360,-24.9995748468809,-415.486,0,0.950
-2.44239929322048,-25.4150608468809,-415.486,0,0.951
-2.46802209706736,-25.8305468468809,-415.486,0,0.952
-2.49406038691425,-26.2460328468809,-415.486,0,0.953
-2.52051416276112,-26.6615188468809,-415.486,0,0.954
-2.54738342460800,-27.0770048468809,-415.486,0,0.955
-2.57466817245488,-27.4924908468809,-415.486,0,0.956
-2.60236840630176,-27.9079768468809,-415.486,0,0.957
-2.63048412614865,-28.3234628468809,-415.486,0,0.958
-2.65901533199553,-28.7389488468809,-415.486,0,0.959
-2.68796202384241,-29.1544348468809,-415.486,0,0.960
-2.71732420168929,-29.5699208468809,-415.486,0,0.961
-2.74710186553617,-29.9854068468809,-415.486,0,0.962
-2.77729501538305,-30.4008928468809,-415.486,0,0.963
-2.80790365122993,-30.8163788468809,-415.486,0,0.964
-2.83892777307682,-31.2318648468809,-415.486,0,0.965
-2.87036738092370,-31.6473508468809,-415.486,0,0.966
-2.90222247477057,-32.0628368468809,-415.486,0,0.967
-2.93449305461745,-32.4783228468809,-415.486,0,0.968
-2.96717912046433,-32.8938088468809,-415.486,0,0.969
-3.00028067231122,-33.3092948468809,-415.486,0,0.970
-3.03379771015810,-33.7247808468809,-415.486,0,0.971
-3.06773023400498,-34.1402668468809,-415.486,0,0.972
-3.10207824385186,-34.5557528468809,-415.486,0,0.973
-3.13684173969874,-34.9712388468809,-415.486,0,0.974
-3.17202072154562,-35.3867248468809,-415.486,0,0.975
-3.20761518939251,-35.8022108468809,-415.486,0,0.976
-3.24362514323938,-36.2176968468809,-415.486,0,0.977
-3.28005058308626,-36.6331828468809,-415.486,0,0.978
-3.31689150893315,-37.0486688468809,-415.486,0,0.979
-3.354148118459964,-37.46313977522156,-418.9608779551738,5947.746,0.980
-3.391819747383163,-37.87912678017674,-413.0131319551738,5947.746,0.981
-3.429904389438318,-38.28916603913191,-407.0653859551738,5947.746,0.982
-3.468396096879427,-38.69325755208709,-401.1176399551738,5947.746,0.983
-3.507288921960492,-39.09140131904226,-395.1698939551738,5947.746,0.984
-3.546576916935512,-39.48359733999743,-389.2221479551738,5947.746,0.985
-3.586254134058487,-39.86984561495261,-383.2744019551738,5947.746,0.986
-3.626314625583417,-40.25014614390778,-377.3266559551738,5947.746,0.987
-3.666752443764302,-40.62449892686296,-371.3789099551738,5947.746,0.988
-3.707561640855143,-40.99290396381813,-365.4311639551738,5947.746,0.989
-3.748736269109938,-41.35536125477330,-359.4834179551738,5947.746,0.990
-3.790270380782689,-41.71187079972848,-353.5356719551738,5947.746,0.991
-3.832158028127396,-42.06243259868365,-347.5879259551738,5947.746,0.992
-3.874393263398057,-42.40704665163882,-341.6401799551738,5947.746,0.993
-3.916970138848673,-42.74571295859400,-335.6924339551738,5947.746,0.994
-3.959882706733245,-43.07843151954917,-329.7446879551738,5947.746,0.995
-4.003125019305772,-43.40520233450435,-323.7969419551738,5947.746,0.996
-4.046691128820253,-43.72602540345952,-317.8491959551738,5947.746,0.997
-4.090575087530690,-44.04090072641469,-311.9014499551738,5947.746,0.998
-4.134770947691083,-44.34982830336987,-305.9537039551738,5947.746,0.999
-4.179272761555430,-44.65280813432504,-300.0059579551738,5947.746,1.000
-4.224074581377733,-44.94984021928022,-294.0582119551738,5947.746,1.001
-4.269170459411991,-45.24092455823539,-288.1104659551738,5947.746,1.002
-4.314554447912204,-45.52606115119056,-282.1627199551738,5947.746,1.003
-4.360220599132372,-45.80524999814574,-276.2149739551738,5947.746,1.004
-4.406162965326495,-46.07849109910091,-270.2672279551738,5947.746,1.005
-4.452375598748574,-46.34578445405608,-264.3194819551738,5947.746,1.006
-4.498852551652607,-46.60713006301126,-258.3717359551738,5947.746,1.007
-4.545587876292596,-46.86252792596643,-252.4239899551738,5947.746,1.008
-4.592575624922540,-47.11197804292161,-246.4762439551738,5947.746,1.009
-4.639809849796439,-47.35548041387678,-240.5284979551738,5947.746,1.010
-4.687284603168294,-47.59303503883195,-234.5807519551738,5947.746,1.011
-4.734993937292103,-47.82464191778713,-228.6330059551738,5947.746,1.012
-4.782931904421868,-48.05030105074230,-222.6852599551738,5947.746,1.013
-4.831092556811588,-48.27001243769748,-216.7375139551738,5947.746,1.014
-4.879469946715263,-48.48377607865265,-210.7897679551738,5947.746,1.015
-4.928058126386893,-48.69159197360782,-204.8420219551738,5947.746,1.016
-4.976851148080479,-48.89346012256300,-198.8942759551738,5947.746,1.017
-5.025843064050019,-49.08938052551817,-192.9465299551738,5947.746,1.018
-5.075027926549515,-49.27935318247334,-186.9987839551738,5947.746,1.019
-5.124399787832966,-49.46337809342852,-181.0510379551738,5947.746,1.020
-5.173952700154372,-49.64145525838369,-175.1032919551738,5947.746,1.021
-5.223680715767733,-49.81358467733887,-169.1555459551738,5947.746,1.022
-5.273577886927050,-49.97976635029404,-163.2077999551738,5947.746,1.023
-5.323638265886321,-50.14000027724922,-157.2600539551738,5947.746,1.024
-5.373855904899548,-50.29428645820439,-151.3123079551738,5947.746,1.025
-5.424224856220730,-50.44262489315956,-145.3645619551738,5947.746,1.026
-5.474739172103867,-50.58501558211474,-139.4168159551738,5947.746,1.027
-5.525392904802960,-50.72145852506991,-133.4690699551738,5947.746,1.028
-5.576180106572007,-50.85195372202508,-127.5213239551738,5947.746,1.029
-5.627094829665010,-50.97650117298026,-121.5735779551738,5947.746,1.030
-5.678131126335968,-51.09510087793543,-115.6258319551738,5947.746,1.031
-5.729283048838881,-51.20775283689060,-109.6780859551738,5947.746,1.032
-5.780544649427749,-51.31445704984578,-103.7303399551738,5947.746,1.033
-5.831909980356572,-51.41521351680095,-97.78259395517384,5947.746,1.034
-5.883373093879351,-51.51002223775613,-91.83484795517384,5947.746,1.035
-5.934928042250084,-51.59888321271130,-85.88710195517384,5947.746,1.036
-5.986568877722773,-51.68179644166647,-79.93935595517384,5947.746,1.037
-6.038289652551417,-51.75876192462165,-73.99160995517384,5947.746,1.038
-6.090084418990017,-51.82977966157682,-68.04386395517384,5947.746,1.039
-6.141947229292571,-51.89484965253200,-62.09611795517384,5947.746,1.040
-6.193872135713081,-51.95397189748717,-56.14837195517384,5947.746,1.041
-6.245853190505545,-52.00714639644234,-50.20062595517384,5947.746,1.042
-6.297884445923965,-52.05437314939752,-44.25287995517384,5947.746,1.043
-6.349959954222340,-52.09565215635269,-38.30513395517384,5947.746,1.044
-6.402073767654671,-52.13098341730787,-32.35738795517384,5947.746,1.045
-6.454219938474956,-52.16036693226304,-26.40964195517384,5947.746,1.046
-6.506392518937197,-52.18380270121821,-20.46189595517384,5947.746,1.047
-6.558585561295393,-52.20129072417339,-14.51414995517384,5947.746,1.048
-6.610793117803544,-52.21283100112856,-8.566403955173839,5947.746,1.049
-6.663009240715650,-52.21842353208373,-2.618657955173839,5947.746,1.050
