-2.9140000000000,1.0520,0.000,3045.203,0
-2.912947492466167,1.0535226015,3.045203,3045.203,0.001
-2.911891939729333,1.0580904060,6.090406,3045.203,0.002
-2.910830296586500,1.0657034135,9.135609,3045.203,0.003
-2.909759517834667,1.0763616240,12.180812,3045.203,0.004
-2.908676558270833,1.0900650375,15.226015,3045.203,0.005
-2.907578372692000,1.1068136540,18.271218,3045.203,0.006
-2.906461915895167,1.1266074735,21.316421,3045.203,0.007
-2.905324142677333,1.1494464960,24.361624,3045.203,0.008
-2.904162007835500,1.1753307215,27.406827,3045.203,0.009
-2.902972466166667,1.2042601500,30.452030,3045.203,0.010
-2.901752472467833,1.2362347815,33.497233,3045.203,0.011
-2.900498981536000,1.2712546160,36.542436,3045.203,0.012
-2.899208948168167,1.3093196535,39.587639,3045.203,0.013
-2.897879327161333,1.3504298940,42.632842,3045.203,0.014
-2.896507073312500,1.3945853375,45.678045,3045.203,0.015
-2.895089141418667,1.4417859840,48.723248,3045.203,0.016
-2.893622486276833,1.4920318335,51.768451,3045.203,0.017
-2.892104062684000,1.5453228860,54.813654,3045.203,0.018
-2.890530825437167,1.6016591415,57.858857,3045.203,0.019
-2.888899729333333,1.6610406000,60.904060,3045.203,0.020
-2.887207729169500,1.7234672615,63.949263,3045.203,0.021
-2.885451779742667,1.7889391260,66.994466,3045.203,0.022
-2.883628835849833,1.8574561935,70.039669,3045.203,0.023
-2.881735852288000,1.9290184640,73.084872,3045.203,0.024
-2.879769783854167,2.0036259375,76.130075,3045.203,0.025
-2.877727585345333,2.0812786140,79.175278,3045.203,0.026
-2.875606211558500,2.1619764935,82.220481,3045.203,0.027
-2.873402617290667,2.2457195760,85.265684,3045.203,0.028
-2.871113757338833,2.3325078615,88.310887,3045.203,0.029
-2.868736586500000,2.4223413500,91.356090,3045.203,0.030
-2.866268059571167,2.5152200415,94.401293,3045.203,0.031
-2.863705089873628,2.610857206678204,98.76797168341008,0,0.032
-2.861044848681108,2.709625178361614,98.76797168341007,0,0.033
-2.858285839516905,2.808393150045024,98.76797168341006,0,0.034
-2.855428062381018,2.907161121728434,98.76797168341005,0,0.035
-2.852471517273448,3.005929093411844,98.76797168341004,0,0.036
-2.849416204194194,3.104697065095254,98.76797168341003,0,0.037
-2.846262123143257,3.203465036778665,98.76797168341002,0,0.038
-2.843009274120637,3.302233008462075,98.76797168341001,0,0.039
-2.839657657126333,3.401000980145485,98.76797168341010,0,0.040
-2.836207272160346,3.499768951828895,98.76797168341009,0,0.041
-2.832658119222675,3.598536923512305,98.76797168341008,0,0.042
-2.829010198313321,3.697304895195715,98.76797168341007,0,0.043
-2.825263509432284,3.796072866879125,98.76797168341006,0,0.044
-2.821418052579563,3.894840838562535,98.76797168341005,0,0.045
-2.817473827755159,3.993608810245945,98.76797168341004,0,0.046
-2.813430834959071,4.092376781929355,98.76797168341003,0,0.047
-2.809289074191300,4.191144753612765,98.76797168341002,0,0.048
-2.805048545451846,4.289912725296175,98.76797168341001,0,0.049
-2.800709248740708,4.388680696979585,98.76797168341010,0,0.050
-2.796271184057887,4.487448668662995,98.76797168341009,0,0.051
-2.791734351403382,4.586216640346405,98.76797168341008,0,0.052
-2.787098750777194,4.684984612029815,98.76797168341007,0,0.053
-2.782364382179322,4.783752583713225,98.76797168341006,0,0.054
-2.777531245609767,4.882520555396635,98.76797168341005,0,0.055
-2.772599341068529,4.981288527080045,98.76797168341004,0,0.056
-2.767568668555607,5.080056498763455,98.76797168341003,0,0.057
-2.762439228071002,5.178824470446866,98.76797168341002,0,0.058
-2.757211019614714,5.277592442130276,98.76797168341001,0,0.059
-2.751884043186742,5.376360413813686,98.76797168341009,0,0.060
-2.746458298787086,5.475128385497096,98.76797168341008,0,0.061
-2.740933786415747,5.573896357180506,98.76797168341008,0,0.062
-2.735310506072725,5.672664328863916,98.76797168341007,0,0.063
-2.729588457758020,5.771432300547326,98.76797168341006,0,0.064
-2.723767641471630,5.870200272230736,98.76797168341005,0,0.065
-2.717848057213558,5.968968243914146,98.76797168341004,0,0.066
-2.711829704983802,6.067736215597556,98.76797168341003,0,0.067
-2.705712584782363,6.166504187280966,98.76797168341002,0,0.068
-2.699496696609240,6.265272158964376,98.76797168341001,0,0.069
-2.693182040464434,6.364040130647786,98.76797168341009,0,0.070
-2.686768616347945,6.462808102331196,98.76797168341008,0,0.071
-2.680256424259772,6.561576074014606,98.76797168341007,0,0.072
-2.673645464199916,6.660344045698016,98.76797168341007,0,0.073
-2.666935736168376,6.759112017381426,98.76797168341006,0,0.074
-2.660127240165153,6.857879989064836,98.76797168341005,0,0.075
-2.653219976190246,6.956647960748246,98.76797168341004,0,0.076
-2.646213944243656,7.055415932431656,98.76797168341003,0,0.077
-2.639109144325383,7.154183904115067,98.76797168341002,0,0.078
-2.631905576435426,7.252951875798477,98.76797168341001,0,0.079
-2.624603240573786,7.351719847481887,98.76797168341009,0,0.080
-2.617202136740462,7.450487819165297,98.76797168341008,0,0.081
-2.609702264935455,7.549255790848707,98.76797168341007,0,0.082
-2.602103625158765,7.648023762532117,98.76797168341006,0,0.083
-2.594406217410391,7.746791734215527,98.76797168341006,0,0.084
-2.586610041690334,7.845559705898937,98.76797168341005,0,0.085
-2.578715097998593,7.944327677582347,98.76797168341004,0,0.086
-2.570721386335169,8.043095649265757,98.76797168341003,0,0.087
-2.562628906700062,8.141863620949167,98.76797168341002,0,0.088
-2.554437659093271,8.240631592632577,98.76797168341001,0,0.089
-2.546147643514796,8.339399564315987,98.76797168341009,0,0.090
-2.537758859964639,8.438167535999397,98.76797168341008,0,0.091
-2.529271308442798,8.536935507682807,98.76797168341007,0,0.092
-2.520684988949273,8.635703479366217,98.76797168341006,0,0.093
-2.511999901484065,8.734471451049627,98.76797168341005,0,0.094
-2.503216046047174,8.833239422733037,98.76797168341005,0,0.095
-2.494333422638599,8.932007394416447,98.76797168341004,0,0.096
-2.485352031258341,9.030775366099857,98.76797168341003,0,0.097
-2.476271871906399,9.129543337783268,98.76797168341002,0,0.098
-2.467092944582774,9.228311309466678,98.76797168341001,0,0.099
-2.457815249287466,9.327079281150088,98.76797168341009,0,0.100
-2.448438786020474,9.425847252833498,98.76797168341008,0,0.101
-2.438963554781799,9.524615224516908,98.76797168341007,0,0.102
-2.429389555571440,9.623383196200318,98.76797168341006,0,0.103
-2.419716788389398,9.722151167883728,98.76797168341005,0,0.104
-2.409945253235673,9.820919139567138,98.76797168341005,0,0.105
-2.400074950110264,9.919687111250548,98.76797168341004,0,0.106
-2.390105879013172,10.01845508293396,98.76797168341003,0,0.107
-2.380038039944396,10.11722305461737,98.76797168341002,0,0.108
-2.369871432903937,10.21599102630078,98.76797168341001,0,0.109
-2.359606057891795,10.31475899798419,98.76797168341009,0,0.110
-2.349241914907969,10.41352696966760,98.76797168341008,0,0.111
-2.338779003952459,10.51229494135101,98.76797168341007,0,0.112
-2.328217325025267,10.61106291303442,98.76797168341006,0,0.113
-2.317556878126391,10.70983088471783,98.76797168341005,0,0.114
-2.306797663255831,10.80859885640124,98.76797168341004,0,0.115
-2.295939680413588,10.90736682808465,98.76797168341004,0,0.116
-2.284982929599662,11.00613479976806,98.76797168341003,0,0.117
-2.273927410814052,11.10490277145147,98.76797168341002,0,0.118
-2.262773124056759,11.20367074313488,98.76797168341001,0,0.119
-2.251520069327782,11.30243871481829,98.76797168341009,0,0.120
-2.240168246627122,11.40120668650170,98.76797168341008,0,0.121
-2.228717655954779,11.49997465818511,98.76797168341007,0,0.122
-2.217168297310752,11.59874262986852,98.76797168341006,0,0.123
-2.205520170695042,11.69751060155193,98.76797168341005,0,0.124
-2.193773276107648,11.79627857323534,98.76797168341004,0,0.125
-2.181927613548571,11.89504654491875,98.76797168341004,0,0.126
-2.169983183017810,11.99381451660216,98.76797168341003,0,0.127
-2.157939984515367,12.09258248828557,98.76797168341002,0,0.128
-2.145798018041240,12.19135045996898,98.76797168341001,0,0.129
-2.133557283595429,12.29011843165239,98.76797168341009,0,0.130
-2.121217781177935,12.38888640333580,98.76797168341008,0,0.131
-2.108779510788757,12.48765437501921,98.76797168341007,0,0.132
-2.096242472427896,12.58642234670262,98.76797168341006,0,0.133
-2.083606666095352,12.68519031838603,98.76797168341005,0,0.134
-2.070872091791124,12.78395829006944,98.76797168341004,0,0.135
-2.058038749515213,12.88272626175285,98.76797168341004,0,0.136
-2.045106639267618,12.98149423343626,98.76797168341003,0,0.137
-2.032075761048341,13.08026220511967,98.76797168341002,0,0.138
-2.018946114857379,13.17903017680308,98.76797168341001,0,0.139
-2.005717700694734,13.27779814848649,98.76797168341009,0,0.140
-1.992390518560406,13.37656612016990,98.76797168341008,0,0.141
-1.978964568454394,13.47533409185331,98.76797168341007,0,0.142
-1.965439850376700,13.57410206353672,98.76797168341006,0,0.143
-1.951816364327321,13.67287003522013,98.76797168341005,0,0.144
-1.938094110306259,13.77163800690354,98.76797168341004,0,0.145
-1.924273088313514,13.87040597858695,98.76797168341003,0,0.146
-1.910353298349085,13.96917395027036,98.76797168341003,0,0.147
-1.896334740412973,14.06794192195377,98.76797168341002,0,0.148
-1.882217414505178,14.16670989363718,98.76797168341001,0,0.149
-1.868001320625699,14.26547786532059,98.76797168341009,0,0.150
-1.853686458774537,14.36424583700400,98.76797168341008,0,0.151
-1.839272828951691,14.46301380868741,98.76797168341007,0,0.152
-1.824760431157162,14.56178178037082,98.76797168341006,0,0.153
-1.810149265390949,14.66054975205423,98.76797168341005,0,0.154
-1.795439331653053,14.75931772373764,98.76797168341004,0,0.155
-1.780630629943474,14.85808569542105,98.76797168341003,0,0.156
-1.765723160262211,14.95685366710446,98.76797168341003,0,0.157
-1.750716922609265,15.05562163878787,98.76797168341002,0,0.158
-1.735611916984635,15.15438961047128,98.76797168341001,0,0.159
-1.720408143388323,15.25315758215469,98.76797168341009,0,0.160
-1.705105601820326,15.35192555383810,98.76797168341008,0,0.161
-1.689704292280646,15.45069352552151,98.76797168341007,0,0.162
-1.674204214769283,15.54946149720492,98.76797168341006,0,0.163
-1.658605369286236,15.64822946888833,98.76797168341005,0,0.164
-1.642907755831506,15.74699744057174,98.76797168341004,0,0.165
-1.627111374405093,15.84576541225515,98.76797168341003,0,0.166
-1.611216225006996,15.94453338393856,98.76797168341003,0,0.167
-1.595222307637216,16.04330135562197,98.76797168341002,0,0.168
-1.579129622295752,16.14206932730538,98.76797168341001,0,0.169
-1.562938168982605,16.24083729898879,98.76797168341009,0,0.170
-1.546647947697775,16.33960527067220,98.76797168341008,0,0.171
-1.530258958441261,16.43837324235561,98.76797168341007,0,0.172
-1.513771201213063,16.53714121403902,98.76797168341006,0,0.173
-1.497184676013182,16.63590918572243,98.76797168341005,0,0.174
-1.480499382841618,16.73467715740584,98.76797168341004,0,0.175
-1.463715321698371,16.83344512908925,98.76797168341003,0,0.176
-1.446832492583440,16.93221310077266,98.76797168341003,0,0.177
-1.429850895496826,17.03098107245607,98.76797168341002,0,0.178
-1.412770530438528,17.12974904413948,98.76797168341001,0,0.179
-1.395591397408547,17.22851701582289,98.76797168341008,0,0.180
-1.378313496406882,17.32728498750630,98.76797168341008,0,0.181
-1.360936827433534,17.42605295918971,98.76797168341007,0,0.182
-1.343461390488503,17.52482093087312,98.76797168341006,0,0.183
-1.325887185571788,17.62358890255653,98.76797168341005,0,0.184
-1.308214212683390,17.72235687423994,98.76797168341004,0,0.185
-1.290442471823308,17.82112484592335,98.76797168341003,0,0.186
-1.272571962991543,17.91989281760676,98.76797168341003,0,0.187
-1.254602686188094,18.01866078929017,98.76797168341002,0,0.188
-1.236534641412962,18.11742876097358,98.76797168341001,0,0.189
-1.218367828666147,18.21619673265699,98.76797168341008,0,0.190
-1.200102247947648,18.31496470434040,98.76797168341008,0,0.191
-1.181737899257466,18.41373267602381,98.76797168341007,0,0.192
-1.163274782595601,18.51250064770722,98.76797168341006,0,0.193
-1.144712897962052,18.61126861939063,98.76797168341005,0,0.194
-1.126052245356820,18.71003659107404,98.76797168341004,0,0.195
-1.107292824779904,18.80880456275745,98.76797168341003,0,0.196
-1.088434636231305,18.90757253444086,98.76797168341003,0,0.197
-1.069477679711022,19.00634050612427,98.76797168341002,0,0.198
-1.050421955219057,19.10510847780768,98.76797168341001,0,0.199
-1.031267462755408,19.20387644949109,98.76797168341008,0,0.200
-1.012014202320074,19.30264442117450,98.76797168341007,0,0.201
-0.992662173913058,19.40141239285791,98.76797168341007,0,0.202
-0.973211377534359,19.50018036454132,98.76797168341006,0,0.203
-0.953661813183976,19.59894833622473,98.76797168341005,0,0.204
-0.934013480861909,19.69771630790814,98.76797168341004,0,0.205
-0.914266380568159,19.79648427959155,98.76797168341003,0,0.206
-0.894420512302726,19.89525225127496,98.76797168341002,0,0.207
-0.874475876065610,19.99402022295837,98.76797168341002,0,0.208
-0.854432471856809,20.09278819464178,98.76797168341009,0,0.209
-0.834290299676326,20.19155616632519,98.76797168341008,0,0.210
-0.814049359524159,20.29032413800860,98.76797168341007,0,0.211
-0.793709651400308,20.38909210969201,98.76797168341007,0,0.212
-0.773271175304775,20.48786008137542,98.76797168341006,0,0.213
-0.752733931237558,20.58662805305883,98.76797168341005,0,0.214
-0.732097919198658,20.68539602474224,98.76797168341004,0,0.215
-0.711363139188073,20.78416399642565,98.76797168341003,0,0.216
-0.690529591205806,20.88293196810906,98.76797168341002,0,0.217
-0.669597275251856,20.98169993979247,98.76797168341002,0,0.218
-0.648566191326222,21.08046791147588,98.76797168341009,0,0.219
-0.627436339428903,21.17923588315929,98.76797168341008,0,0.220
-0.606207719559903,21.27800385484270,98.76797168341007,0,0.221
-0.584880331719219,21.37677182652611,98.76797168341007,0,0.222
-0.563454175906850,21.47553979820952,98.76797168341006,0,0.223
-0.541929252122799,21.57430776989293,98.76797168341005,0,0.224
-0.520305560367065,21.67307574157634,98.76797168341004,0,0.225
-0.498583100639645,21.77184371325975,98.76797168341003,0,0.226
-0.476761872940544,21.87061168494316,98.76797168341002,0,0.227
-0.454841877269760,21.96937965662657,98.76797168341002,0,0.228
-0.432823113627292,22.06814762830998,98.76797168341009,0,0.229
-0.410705582013139,22.16691559999339,98.76797168341008,0,0.230
-0.388489282427305,22.26568357167680,98.76797168341007,0,0.231
-0.366174214869787,22.36445154336021,98.76797168341006,0,0.232
-0.343760379340585,22.46321951504362,98.76797168341006,0,0.233
-0.321247775839699,22.56198748672703,98.76797168341005,0,0.234
-0.298636404367130,22.66075545841044,98.76797168341004,0,0.235
-0.275926264922879,22.75952343009385,98.76797168341003,0,0.236
-0.253117357506942,22.85829140177726,98.76797168341002,0,0.237
-0.230209682119323,22.95705937346067,98.76797168341002,0,0.238
-0.207203238760021,23.05582734514408,98.76797168341009,0,0.239
-0.184098027429036,23.15459531682749,98.76797168341008,0,0.240
-0.160894048126366,23.25336328851090,98.76797168341007,0,0.241
-0.137591300852014,23.35213126019431,98.76797168341006,0,0.242
-0.114189785605978,23.45089923187772,98.76797168341006,0,0.243
-0.090689502388259,23.54966720356113,98.76797168341005,0,0.244
-0.067090451198855,23.64843517524454,98.76797168341004,0,0.245
-0.043392632037769,23.74720314692795,98.76797168341003,0,0.246
-0.019596044905000,23.84597111861136,98.76797168341002,0,0.247
0.004299310199454,23.94473909029477,98.76797168341002,0,0.248
0.028293433275590,24.04350706197818,98.76797168341009,0,0.249
0.052386324323410,24.14227503366159,98.76797168341008,0,0.250
0.076577983342914,24.24104300534500,98.76797168341007,0,0.251
0.100868410334100,24.33981097702841,98.76797168341006,0,0.252
0.125257605296970,24.43857894871182,98.76797168341006,0,0.253
0.149745568231523,24.53734692039523,98.76797168341005,0,0.254
0.174332299137761,24.63611489207864,98.76797168341004,0,0.255
0.199017798015681,24.73488286376205,98.76797168341003,0,0.256
0.223802064865285,24.83365083544546,98.76797168341002,0,0.257
0.248685099686571,24.93241880712887,98.76797168341002,0,0.258
0.273666902479543,25.03118677881228,98.76797168341009,0,0.259
0.298747473244197,25.12995475049569,98.76797168341008,0,0.260
0.323926811980533,25.22872272217910,98.76797168341007,0,0.261
0.349204918688555,25.32749069386251,98.76797168341006,0,0.262
0.374581793368259,25.42625866554592,98.76797168341006,0,0.263
0.400057436019646,25.52502663722933,98.76797168341005,0,0.264
0.425631846642717,25.62379460891274,98.76797168341004,0,0.265
0.451305025237473,25.72256258059615,98.76797168341003,0,0.266
0.477076971803910,25.82133055227956,98.76797168341002,0,0.267
0.502947686342031,25.92009852396297,98.76797168341002,0,0.268
0.528917168851837,26.01886649564638,98.76797168341009,0,0.269
0.554985419333324,26.11763446732979,98.76797168341008,0,0.270
0.581152437786495,26.21640243901320,98.76797168341007,0,0.271
0.607418224211350,26.31517041069661,98.76797168341006,0,0.272
0.633782778607889,26.41393838238002,98.76797168341005,0,0.273
0.660246100976111,26.51270635406343,98.76797168341005,0,0.274
0.686808191316015,26.61147432574684,98.76797168341004,0,0.275
0.713469049627605,26.71024229743025,98.76797168341003,0,0.276
0.740228675910877,26.80901026911366,98.76797168341002,0,0.277
0.767087070165832,26.90777824079707,98.76797168341002,0,0.278
0.794044232392470,27.00654621248048,98.76797168341009,0,0.279
0.821100162590793,27.10531418416389,98.76797168341008,0,0.280
0.848254860760798,27.20408215584730,98.76797168341007,0,0.281
0.875508326902487,27.30285012753071,98.76797168341006,0,0.282
0.902860561015859,27.40161809921412,98.76797168341005,0,0.283
0.930311563100916,27.50038607089753,98.76797168341005,0,0.284
0.957861333157655,27.59915404258094,98.76797168341004,0,0.285
0.985509871186077,27.69792201426435,98.76797168341003,0,0.286
1.013257177186184,27.79668998594776,98.76797168341002,0,0.287
1.041103251157973,27.89545795763118,98.76797168341002,0,0.288
1.069048093101446,27.99422592931459,98.76797168341009,0,0.289
1.097091703016603,28.09299390099800,98.76797168341008,0,0.290
1.125234080903442,28.19176187268141,98.76797168341007,0,0.291
1.153475226761965,28.29052984436482,98.76797168341006,0,0.292
1.181815140592171,28.38929781604823,98.76797168341005,0,0.293
1.210253822394062,28.48806578773164,98.76797168341005,0,0.294
1.238791272167635,28.58683375941505,98.76797168341004,0,0.295
1.267427489912891,28.68560173109846,98.76797168341003,0,0.296
1.296162475629831,28.78436970278187,98.76797168341002,0,0.297
1.324996229318456,28.88313767446528,98.76797168341002,0,0.298
1.353928750978762,28.98190564614869,98.76797168341008,0,0.299
1.382960040610752,29.08067361783210,98.76797168341008,0,0.300
1.412090098214427,29.17944158951551,98.76797168341007,0,0.301
1.441318923789784,29.27820956119892,98.76797168341006,0,0.302
1.470646517336824,29.37697753288233,98.76797168341005,0,0.303
1.500072878855548,29.47574550456574,98.76797168341005,0,0.304
1.529598008345956,29.57451347624915,98.76797168341004,0,0.305
1.559221905808047,29.67328144793256,98.76797168341003,0,0.306
1.588944571241821,29.77204941961597,98.76797168341002,0,0.307
1.618766004647278,29.87081739129938,98.76797168341002,0,0.308
1.648686206024420,29.96958536298279,98.76797168341008,0,0.309
1.678705175373244,30.06835333466620,98.76797168341008,0,0.310
1.708822912693752,30.16712130634961,98.76797168341007,0,0.311
1.739039417985944,30.26588927803302,98.76797168341006,0,0.312
1.769354691249818,30.36465724971643,98.76797168341005,0,0.313
1.799768732485376,30.46342522139984,98.76797168341005,0,0.314
1.830281541692619,30.56219319308325,98.76797168341004,0,0.315
1.860893118871543,30.66096116476666,98.76797168341003,0,0.316
1.891603464022151,30.75972913645007,98.76797168341002,0,0.317
1.922412577144443,30.85849710813348,98.76797168341002,0,0.318
1.953320458238419,30.95726507981689,98.76797168341008,0,0.319
1.984327107304077,31.05603305150030,98.76797168341008,0,0.320
2.015432524341419,31.15480102318371,98.76797168341007,0,0.321
2.046636709350444,31.25356899486712,98.76797168341006,0,0.322
2.077939662331154,31.35233696655053,98.76797168341005,0,0.323
2.109341383283545,31.45110493823394,98.76797168341005,0,0.324
2.140841872207621,31.54987290991735,98.76797168341004,0,0.325
2.172441129103381,31.64864088160076,98.76797168341003,0,0.326
2.204139153970823,31.74740885328417,98.76797168341002,0,0.327
2.235935946809948,31.84617682496758,98.76797168341002,0,0.328
2.267831507620757,31.94494479665099,98.76797168341008,0,0.329
2.299825836403251,32.04371276833440,98.76797168341008,0,0.330
2.331918933157427,32.14248074001781,98.76797168341007,0,0.331
2.364110797883286,32.24124871170122,98.76797168341006,0,0.332
2.396401430580828,32.34001668338463,98.76797168341005,0,0.333
2.428790831250056,32.43878465506804,98.76797168341004,0,0.334
2.461278999890965,32.53755262675145,98.76797168341004,0,0.335
2.493865936503558,32.63632059843486,98.76797168341003,0,0.336
2.526551641087835,32.73508857011827,98.76797168341002,0,0.337
2.559336113643795,32.83385654180168,98.76797168341001,0,0.338
2.592219354171438,32.93262451348509,98.76797168341008,0,0.339
2.625201362670766,33.03139248516850,98.76797168341007,0,0.340
2.658282139141776,33.13016045685191,98.76797168341007,0,0.341
2.691461683584469,33.22892842853532,98.76797168341006,0,0.342
2.724739995998845,33.32769640021873,98.76797168341005,0,0.343
2.758117076384907,33.42646437190214,98.76797168341004,0,0.344
2.791592924742650,33.52523234358555,98.76797168341004,0,0.345
2.825167541072077,33.62400031526896,98.76797168341003,0,0.346
2.858840925373187,33.72276828695237,98.76797168341002,0,0.347
2.892613077645983,33.82153625863578,98.76797168341001,0,0.348
2.926483997890460,33.92030423031919,98.76797168341008,0,0.349
2.960453686106620,34.01907220200260,98.76797168341007,0,0.350
2.994522142294466,34.11784017368601,98.76797168341007,0,0.351
3.028689366453993,34.21660814536942,98.76797168341006,0,0.352
3.062955358585204,34.31537611705283,98.76797168341005,0,0.353
3.097320118688098,34.41414408873624,98.76797168341004,0,0.354
3.131783646762677,34.51291206041965,98.76797168341004,0,0.355
3.166345942808938,34.61168003210306,98.76797168341003,0,0.356
3.201007006826882,34.71044800378647,98.76797168341002,0,0.357
3.235766838816511,34.80921597546988,98.76797168341001,0,0.358
3.270625438777822,34.90798394715329,98.76797168341008,0,0.359
3.305582806710817,35.00675191883670,98.76797168341007,0,0.360
3.340638942615495,35.10551989052011,98.76797168341007,0,0.361
3.375793846491858,35.20428786220352,98.76797168341006,0,0.362
3.411047518339903,35.30305583388693,98.76797168341005,0,0.363
3.446399958159631,35.40182380557034,98.76797168341004,0,0.364
3.481851165951044,35.50059177725375,98.76797168341004,0,0.365
3.517401141714139,35.59935974893716,98.76797168341003,0,0.366
3.553049885448918,35.69812772062057,98.76797168341002,0,0.367
3.588797397155379,35.79689569230398,98.76797168341001,0,0.368
3.624643676833526,35.89566366398739,98.76797168341008,0,0.369
3.660588724483355,35.99443163567080,98.76797168341007,0,0.370
3.696632540104867,36.09319960735421,98.76797168341007,0,0.371
3.732775123698062,36.19196757903762,98.76797168341006,0,0.372
3.769016475262943,36.29073555072103,98.76797168341005,0,0.373
3.805356594799505,36.38950352240444,98.76797168341004,0,0.374
3.841795482307751,36.48827149408785,98.76797168341004,0,0.375
3.878333137787682,36.58703946577126,98.76797168341003,0,0.376
3.914969561239294,36.68580743745467,98.76797168341002,0,0.377
3.951704752662590,36.78457540913808,98.76797168341001,0,0.378
3.988538712057571,36.88334338082149,98.76797168341008,0,0.379
4.025471439424234,36.98211135250490,98.76797168341007,0,0.380
4.062502934762580,37.08087932418831,98.76797168341007,0,0.381
4.099633198072610,37.17964729587172,98.76797168341006,0,0.382
4.136862229354324,37.27841526755513,98.76797168341005,0,0.383
4.174190028607721,37.37718323923854,98.76797168341004,0,0.384
4.211616595832800,37.47595121092195,98.76797168341004,0,0.385
4.249141931029564,37.57471918260536,98.76797168341003,0,0.386
4.286766034198012,37.67348715428877,98.76797168341002,0,0.387
4.324488905338142,37.77225512597218,98.76797168341001,0,0.388
4.362310544449955,37.87102309765559,98.76797168341008,0,0.389
4.400230951533454,37.96979106933900,98.76797168341007,0,0.390
4.438250126588634,38.06855904102241,98.76797168341006,0,0.391
4.476368069615498,38.16732701270582,98.76797168341006,0,0.392
4.514584780614045,38.26609498438923,98.76797168341005,0,0.393
4.552900259584277,38.36486295607264,98.76797168341004,0,0.394
4.591314506526191,38.46363092775605,98.76797168341004,0,0.395
4.629827521439788,38.56239889943946,98.76797168341003,0,0.396
4.668439304325069,38.66116687112287,98.76797168341002,0,0.397
4.707149855182035,38.75993484280628,98.76797168341001,0,0.398
4.745959174010682,38.85870281448969,98.76797168341008,0,0.399
4.784867260811013,38.95747078617310,98.76797168341007,0,0.400
4.823874115583029,39.05623875785651,98.76797168341006,0,0.401
4.862979738326727,39.15500672953992,98.76797168341006,0,0.402
4.902184129042108,39.25377470122333,98.76797168341005,0,0.403
4.941487287729174,39.35254267290674,98.76797168341004,0,0.404
4.980889214387922,39.45131064459015,98.76797168341004,0,0.405
5.020389909018354,39.55007861627356,98.76797168341003,0,0.406
5.059989371620469,39.64884658795697,98.76797168341002,0,0.407
5.099687602194268,39.74761455964038,98.76797168341009,0,0.408
5.139484600739750,39.84638253132379,98.76797168341008,0,0.409
5.179380367256915,39.94515050300720,98.76797168341007,0,0.410
5.219374901745764,40.04391847469061,98.76797168341006,0,0.411
5.259468204206297,40.14268644637402,98.76797168341006,0,0.412
5.299660274638512,40.24145441805743,98.76797168341005,0,0.413
5.339951113042411,40.34022238974084,98.76797168341004,0,0.414
5.380340719417995,40.43899036142425,98.76797168341004,0,0.415
5.420829093765260,40.53775833310766,98.76797168341003,0,0.416
5.461416236084209,40.63652630479107,98.76797168341002,0,0.417
5.502102146374841,40.73529427647448,98.76797168341008,0,0.418
5.542886824637159,40.83406224815789,98.76797168341008,0,0.419
5.583770270871158,40.93283021984130,98.76797168341007,0,0.420
5.624752485076841,41.03159819152471,98.76797168341006,0,0.421
5.665833467254207,41.13036616320812,98.76797168341006,0,0.422
5.707013217403258,41.22913413489153,98.76797168341005,0,0.423
5.748291735523990,41.32790210657494,98.76797168341004,0,0.424
5.789669021616407,41.42667007825835,98.76797168341004,0,0.425
5.831145075680508,41.52543804994176,98.76797168341003,0,0.426
5.872719897716291,41.62420602162517,98.76797168341002,0,0.427
5.914393487723757,41.72297399330858,98.76797168341008,0,0.428
5.956165845702909,41.82174196499199,98.76797168341008,0,0.429
5.998036971653742,41.92050993667540,98.76797168341007,0,0.430
6.040006865576259,42.01927790835881,98.76797168341006,0,0.431
6.082075527470459,42.11804588004222,98.76797168341006,0,0.432
6.124242957336344,42.21681385172563,98.76797168341005,0,0.433
6.166509155173911,42.31558182340904,98.76797168341004,0,0.434
6.208874120983161,42.41434979509245,98.76797168341003,0,0.435
6.251337854764095,42.51311776677586,98.76797168341003,0,0.436
6.293900356516714,42.61188573845927,98.76797168341002,0,0.437
6.336561626241014,42.71065371014268,98.76797168341008,0,0.438
6.379321663936998,42.80942168182609,98.76797168341008,0,0.439
6.422180469604667,42.90818965350950,98.76797168341007,0,0.440
6.465138043244018,43.00695762519291,98.76797168341006,0,0.441
6.508194384855052,43.10572559687632,98.76797168341006,0,0.442
6.551349494437769,43.20449356855973,98.76797168341005,0,0.443
6.594603371992172,43.30326154024314,98.76797168341004,0,0.444
6.637956017518257,43.40202951192655,98.76797168341003,0,0.445
6.681407431016024,43.50079748360996,98.76797168341003,0,0.446
6.724957612485477,43.59956545529337,98.76797168341002,0,0.447
6.768606561926612,43.69833342697678,98.76797168341008,0,0.448
6.812354279339430,43.79710139866019,98.76797168341008,0,0.449
6.856200764723931,43.89586937034360,98.76797168341007,0,0.450
6.900146018080118,43.99463734202701,98.76797168341006,0,0.451
6.944190039407986,44.09340531371042,98.76797168341006,0,0.452
6.988332828707538,44.19217328539383,98.76797168341005,0,0.453
7.032574385978775,44.29094125707724,98.76797168341004,0,0.454
7.076914711221693,44.38970922876065,98.76797168341003,0,0.455
7.121353804436295,44.48847720044406,98.76797168341003,0,0.456
7.165891665622580,44.58724517212747,98.76797168341002,0,0.457
7.210528294780551,44.68601314381088,98.76797168341008,0,0.458
7.255263691910203,44.78478111549429,98.76797168341008,0,0.459
7.300097857011538,44.88354908717770,98.76797168341007,0,0.460
7.345030790084557,44.98231705886111,98.76797168341006,0,0.461
7.390062491129261,45.08108503054452,98.76797168341005,0,0.462
7.435192960145647,45.17985300222793,98.76797168341005,0,0.463
7.480422197133716,45.27862097391134,98.76797168341004,0,0.464
7.525750202093471,45.37738894559475,98.76797168341003,0,0.465
7.571176975024907,45.47615691727816,98.76797168341003,0,0.466
7.616702515928030,45.57492488896157,98.76797168341002,0,0.467
7.662326824802830,45.67369286064498,98.76797168341008,0,0.468
7.708049901649320,45.77246083232839,98.76797168341007,0,0.469
7.753871746467490,45.87122880401180,98.76797168341007,0,0.470
7.799792359257340,45.96999677569521,98.76797168341006,0,0.471
7.845811740018880,46.06876474737862,98.76797168341005,0,0.472
7.891929888752100,46.16753271906203,98.76797168341005,0,0.473
7.938146805457000,46.26630069074544,98.76797168341004,0,0.474
7.984462490133590,46.36506866242885,98.76797168341003,0,0.475
8.030876942781860,46.46383663411226,98.76797168341003,0,0.476
8.077390163401810,46.56260460579567,98.76797168341002,0,0.477
8.124002151993450,46.66137257747908,98.76797168341008,0,0.478
8.170712908556770,46.76014054916249,98.76797168341007,0,0.479
8.217522433091780,46.85890852084590,98.76797168341007,0,0.480
8.264430725598460,46.95767649252931,98.76797168341006,0,0.481
8.311437786076830,47.05644446421272,98.76797168341005,0,0.482
8.358543614526890,47.15521243589613,98.76797168341005,0,0.483
8.405748210948630,47.25398040757954,98.76797168341004,0,0.484
8.453051575342050,47.35274837926295,98.76797168341003,0,0.485
8.500453707707150,47.45151635094636,98.76797168341003,0,0.486
8.547954608043940,47.55028432262977,98.76797168341002,0,0.487
8.595554276352410,47.64905229431319,98.76797168341008,0,0.488
8.643252712632570,47.74782026599660,98.76797168341007,0,0.489
8.691049916884410,47.84658823768001,98.76797168341007,0,0.490
8.738945889107930,47.94535620936342,98.76797168341006,0,0.491
8.786940629303130,48.04412418104683,98.76797168341005,0,0.492
8.835034137470020,48.14289215273024,98.76797168341005,0,0.493
8.883226413608590,48.24166012441365,98.76797168341004,0,0.494
8.931517457718850,48.34042809609706,98.76797168341003,0,0.495
8.979907269800790,48.43919606778047,98.76797168341003,0,0.496
9.028395849854410,48.53796403946388,98.76797168341002,0,0.497
9.076983197879710,48.63673201114729,98.76797168341008,0,0.498
9.125669313876700,48.73549998283070,98.76797168341007,0,0.499
9.174454197845370,48.83426795451411,98.76797168341007,0,0.500
9.223337849785730,48.93303592619752,98.76797168341006,0,0.501
9.272320269697770,49.03180389788093,98.76797168341005,0,0.502
9.321401457581490,49.13057186956434,98.76797168341005,0,0.503
9.370581413436900,49.22933984124775,98.76797168341004,0,0.504
9.419860137263990,49.32810781293116,98.76797168341003,0,0.505
9.469237629062760,49.42687578461457,98.76797168341003,0,0.506
9.518713888833220,49.52564375629798,98.76797168341002,0,0.507
9.568288916575360,49.62441172798139,98.76797168341008,0,0.508
9.617962712289180,49.72317969966480,98.76797168341007,0,0.509
9.667735275974690,49.82194767134821,98.76797168341007,0,0.510
9.717606607631880,49.92071564303162,98.76797168341006,0,0.511
9.767576707260750,50.01948361471503,98.76797168341005,0,0.512
9.817645574861310,50.11825158639844,98.76797168341005,0,0.513
9.867813210433550,50.21701955808185,98.76797168341004,0,0.514
9.918079613977470,50.31578752976526,98.76797168341003,0,0.515
9.968444785493080,50.41455550144867,98.76797168341003,0,0.516
10.01890872498037,50.51332347313208,98.76797168341002,0,0.517
10.06947143243934,50.61209144481549,98.76797168341008,0,0.518
10.12013290787000,50.71085941649890,98.76797168341007,0,0.519
10.17089315127234,50.80962738818231,98.76797168341007,0,0.520
10.22175216264636,50.90839535986572,98.76797168341006,0,0.521
10.27270994199207,51.00716333154913,98.76797168341005,0,0.522
10.32376648930946,51.10593130323254,98.76797168341005,0,0.523
10.37492180459854,51.20469927491595,98.76797168341004,0,0.524
10.42617588785929,51.30346724659936,98.76797168341003,0,0.525
10.47752873909174,51.40223521828277,98.76797168341003,0,0.526
10.52898035829586,51.50100318996618,98.76797168341002,0,0.527
10.58053074547167,51.59977116164959,98.76797168341008,0,0.528
10.63217990061916,51.69853913333300,98.76797168341007,0,0.529
10.68392782373833,51.79730710501641,98.76797168341007,0,0.530
10.73577451482919,51.89607507669982,98.76797168341006,0,0.531
10.78771997389173,51.99484304838323,98.76797168341005,0,0.532
10.83976420092596,52.09361102006664,98.76797168341005,0,0.533
10.89190719593187,52.19237899175005,98.76797168341004,0,0.534
10.94414895890946,52.29114696343346,98.76797168341003,0,0.535
10.99648948985873,52.38991493511687,98.76797168341003,0,0.536
11.04892878877969,52.48868290680028,98.76797168341002,0,0.537
11.10146685567233,52.58745087848369,98.76797168341008,0,0.538
11.15410369053666,52.68621885016710,98.76797168341007,0,0.539
11.20683929337267,52.78498682185051,98.76797168341006,0,0.540
11.25967366418036,52.88375479353392,98.76797168341006,0,0.541
11.31260680295974,52.98252276521733,98.76797168341005,0,0.542
11.36563870971080,53.08129073690074,98.76797168341005,0,0.543
11.41876938443354,53.18005870858415,98.76797168341004,0,0.544
11.47199882712796,53.27882668026756,98.76797168341003,0,0.545
11.52532703779407,53.37759465195097,98.76797168341003,0,0.546
11.57875401643187,53.47636262363438,98.76797168341002,0,0.547
11.63227976304134,53.57513059531779,98.76797168341008,0,0.548
11.68590427762250,53.67389856700120,98.76797168341007,0,0.549
11.73962756017534,53.77266653868461,98.76797168341006,0,0.550
11.79344961069987,53.87143451036802,98.76797168341006,0,0.551
11.84737042919608,53.97020248205143,98.76797168341005,0,0.552
11.90139001566397,54.06897045373484,98.76797168341005,0,0.553
11.95550837010355,54.16773842541825,98.76797168341004,0,0.554
12.00972549251481,54.26650639710166,98.76797168341003,0,0.555
12.06404138289775,54.36527436878507,98.76797168341003,0,0.556
12.11845604125238,54.46404234046848,98.76797168341002,0,0.557
12.17296946757869,54.56281031215189,98.76797168341008,0,0.558
12.22758166187668,54.66157828383530,98.76797168341007,0,0.559
12.28229262414636,54.76034625551871,98.76797168341006,0,0.560
12.33710235438772,54.85911422720212,98.76797168341006,0,0.561
12.39201085260077,54.95788219888553,98.76797168341005,0,0.562
12.44701811878549,55.05665017056894,98.76797168341004,0,0.563
12.50212415294190,55.15541814225235,98.76797168341004,0,0.564
12.55732895507000,55.25418611393576,98.76797168341003,0,0.565
12.61263252516977,55.35295408561917,98.76797168341003,0,0.566
12.66803486324124,55.45172205730258,98.76797168341002,0,0.567
12.72353596928438,55.55049002898599,98.76797168341008,0,0.568
12.77913584329921,55.64925800066940,98.76797168341007,0,0.569
12.83483448528572,55.74802597235281,98.76797168341006,0,0.570
12.89063189524391,55.84679394403622,98.76797168341006,0,0.571
12.94652807317379,55.94556191571963,98.76797168341005,0,0.572
13.00252301907535,56.04432988740304,98.76797168341004,0,0.573
13.05861673294860,56.14309785908645,98.76797168341004,0,0.574
13.11480921479352,56.24186583076986,98.76797168341003,0,0.575
13.17110046461014,56.34063380245327,98.76797168341003,0,0.576
13.22749048239843,56.43940177413668,98.76797168341002,0,0.577
13.28397926815841,56.53816974582009,98.76797168341008,0,0.578
13.34056682189007,56.63693771750350,98.76797168341007,0,0.579
13.39725314359342,56.73570568918691,98.76797168341006,0,0.580
13.45403823326845,56.83447366087032,98.76797168341006,0,0.581
13.51092209091516,56.93324163255373,98.76797168341005,0,0.582
13.56790471653355,57.03200960423714,98.76797168341004,0,0.583
13.62498611012363,57.13077757592055,98.76797168341004,0,0.584
13.68216627168539,57.22954554760396,98.76797168341003,0,0.585
13.73944520121884,57.32831351928737,98.76797168341003,0,0.586
13.79682289872397,57.42708149097078,98.76797168341002,0,0.587
13.85429936420078,57.52584946265419,98.76797168341008,0,0.588
13.91187459764928,57.62461743433760,98.76797168341007,0,0.589
13.96954859906946,57.72338540602101,98.76797168341006,0,0.590
14.02732136846132,57.82215337770442,98.76797168341006,0,0.591
14.08519290582487,57.92092134938783,98.76797168341005,0,0.592
14.14316321116010,58.01968932107124,98.76797168341004,0,0.593
14.20123228446701,58.11845729275465,98.76797168341004,0,0.594
14.25940012574560,58.21722526443806,98.76797168341003,0,0.595
14.31766673499589,58.31599323612147,98.76797168341003,0,0.596
14.37603211221784,58.41476120780488,98.76797168341002,0,0.597
14.43449625741150,58.51352917948829,98.76797168341008,0,0.598
14.49305917057682,58.61229715117170,98.76797168341007,0,0.599
14.55172085171384,58.71106512285511,98.76797168341006,0,0.600
14.61048130082253,58.80983309453852,98.76797168341006,0,0.601
14.66934051790291,58.90860106622193,98.76797168341005,0,0.602
14.72829850295497,59.00736903790534,98.76797168341004,0,0.603
14.78735525597872,59.10613700958875,98.76797168341004,0,0.604
14.84651077697415,59.20490498127216,98.76797168341003,0,0.605
14.90576506594127,59.30367295295557,98.76797168341002,0,0.606
14.96511812288007,59.40244092463898,98.76797168341008,0,0.607
15.02456994779055,59.50120889632239,98.76797168341007,0,0.608
15.08412054067272,59.59997686800580,98.76797168341007,0,0.609
15.14376990152656,59.69874483968921,98.76797168341006,0,0.610
15.20351803035209,59.79751281137262,98.76797168341006,0,0.611
15.26336492714930,59.89628078305603,98.76797168341005,0,0.612
15.32331059191821,59.99504875473944,98.76797168341004,0,0.613
15.38335502465878,60.09381672642285,98.76797168341004,0,0.614
15.44349822537105,60.19258469810626,98.76797168341003,0,0.615
15.50374019405499,60.29135266978967,98.76797168341002,0,0.616
15.56408093071063,60.39012064147308,98.76797168341008,0,0.617
15.62452043533794,60.48888861315649,98.76797168341007,0,0.618
15.68505870793694,60.58765658483990,98.76797168341007,0,0.619
15.74569574850761,60.68642455652331,98.76797168341006,0,0.620
15.80643155704999,60.78519252820672,98.76797168341006,0,0.621
15.86726613356403,60.88396049989013,98.76797168341005,0,0.622
15.92819947804977,60.98272847157354,98.76797168341004,0,0.623
15.98923159050719,61.08149644325695,98.76797168341004,0,0.624
16.05036247093628,61.18026441494036,98.76797168341003,0,0.625
16.11159211933707,61.27903238662377,98.76797168341002,0,0.626
16.17292053570953,61.37780035830718,98.76797168341008,0,0.627
16.23434772005368,61.47656832999059,98.76797168341007,0,0.628
16.29587367236951,61.57533630167400,98.76797168341007,0,0.629
16.35749839265703,61.67410427335741,98.76797168341006,0,0.630
16.41922188091622,61.77287224504082,98.76797168341006,0,0.631
16.48104413714711,61.87164021672423,98.76797168341005,0,0.632
16.54296516134967,61.97040818840764,98.76797168341004,0,0.633
16.60498495352392,62.06917616009105,98.76797168341004,0,0.634
16.66710351366985,62.16794413177446,98.76797168341003,0,0.635
16.72932084178747,62.26671210345787,98.76797168341002,0,0.636
16.79163693787676,62.36548007514128,98.76797168341008,0,0.637
16.85405180193775,62.46424804682469,98.76797168341007,0,0.638
16.91656543397041,62.56301601850810,98.76797168341007,0,0.639
16.97917783397477,62.66178399019151,98.76797168341006,0,0.640
17.04188900195081,62.76055196187492,98.76797168341005,0,0.641
17.10469893789852,62.85931993355833,98.76797168341005,0,0.642
17.16760764181793,62.95808790524174,98.76797168341004,0,0.643
17.23061511370900,63.05685587692515,98.76797168341004,0,0.644
17.29372136597016,63.15549565872662,99.65156006364085,-3045.203,0.645
17.35692617987508,63.25362461729026,96.60635706364085,-3045.203,0.646
17.42022760013707,63.34870837285390,93.56115406364085,-3045.203,0.647
17.48362258155313,63.44074692541755,90.51595106364085,-3045.203,0.648
17.54710807892024,63.52974027498119,87.47074806364085,-3045.203,0.649
17.61068104703542,63.61568842154483,84.42554506364085,-3045.203,0.650
17.67433844069566,63.69859136510847,81.38034206364085,-3045.203,0.651
17.73807721469797,63.77844910567211,78.33513906364085,-3045.203,0.652
17.80189432383934,63.85526164323575,75.28993606364085,-3045.203,0.653
17.86578672291678,63.92902897779939,72.24473306364085,-3045.203,0.654
17.92975136672727,63.99975110936303,69.19953006364085,-3045.203,0.655
17.99378521006784,64.06742803792667,66.15432706364085,-3045.203,0.656
18.05788520773546,64.13205976349031,63.10912406364085,-3045.203,0.657
18.12204831452715,64.19364628605395,60.06392106364085,-3045.203,0.658
18.18627148523990,64.25218760561760,57.01871806364085,-3045.203,0.659
18.25055167467072,64.30768372218124,53.97351506364085,-3045.203,0.660
18.31488583761660,64.36013463574488,50.92831206364085,-3045.203,0.661
18.37927092887454,64.40954034630852,47.88310906364085,-3045.203,0.662
18.44370390324155,64.45590085387216,44.83790606364085,-3045.203,0.663
18.50818171551462,64.49921615843580,41.79270306364085,-3045.203,0.664
18.57270132049075,64.53948625999944,38.74750006364085,-3045.203,0.665
18.63725967296695,64.57671115856308,35.70229706364085,-3045.203,0.666
18.70185372774021,64.61089085412672,32.65709406364085,-3045.203,0.667
18.76648043960754,64.64202534669036,29.61189106364085,-3045.203,0.668
18.83113676336593,64.67011463625400,26.56668806364085,-3045.203,0.669
18.89581965381238,64.69515872281764,23.52148506364085,-3045.203,0.670
18.96052606574390,64.71715760638129,20.47628206364085,-3045.203,0.671
19.02525295395748,64.73611128694493,17.43107906364085,-3045.203,0.672
19.08999727325012,64.75201976450857,14.38587606364085,-3045.203,0.673
19.15475597841883,64.76488303907221,11.34067306364085,-3045.203,0.674
19.21952602426060,64.77470111063585,8.295470063640855,-3045.203,0.675
19.28430436557243,64.78147397919949,5.250267063640855,-3045.203,0.676
19.34908757175295,64.78679835523687,-2.205064063640855,3045.203,0.677
